0.0
0.002693
0.0
0.0
0.0
0.0
0.0
0.0
0.0
0.0
0.0
0.0
0.0
0.0
0.005343
0.0
0.0
0.001255
0.0
0.0
0.0
0.0
0.0
0.0
0.0
0.0
0.002106
0.0
0.0
0.0
0.0
0.0
0.0
0.0
0.001029
0.002768
0.0
0.0
0.002966
0.0
0.0
0.0
0.0
0.0
0.0
0.0
0.0
0.0
0.0
0.0
0.0
0.0
0.0
9.7E-4
0.0
0.0
0.0
0.002488
0.0
0.0
0.0
0.003736
0.0
0.0
0.0
0.0
0.0
0.0
0.0
0.004274
0.0
0.0
0.0
0.0
0.0
0.0
0.0
0.002582
0.0
0.001153
0.0
0.0
0.002604
0.0
0.0
0.0
0.0
0.0
0.0
0.0
0.006132
0.0
0.0
0.0
0.0
0.0
0.001174
0.0
0.0
0.0
0.002307
0.002241
0.0
0.0
0.0
0.0
0.002203
0.002519
0.0
0.0
0.0
0.001733
0.0
0.0
0.0
0.0
0.0
0.0
0.0
0.0
0.0
0.0
0.0
0.0
0.0
0.0
0.004122
0.0
0.002601
0.0
0.0
0.0
0.0
0.0
0.0
0.00934
0.0
0.003064
0.002899
0.0
0.003081
0.0
0.0
0.0
0.0
0.0
0.0
0.0
0.0
0.0
0.0
0.002409
0.0
0.002879
0.0
0.0
0.004137
0.001217
0.0
0.0
0.0
0.002992
0.0
0.0
0.0
0.0
0.0
0.0
0.0
0.0
0.0
0.0
0.0
0.0
0.0
0.0
0.002869
0.005405
0.001449
0.006392
0.002438
0.0
0.0
0.0
0.0
0.001452
0.0
0.0
0.0
0.0
0.0
0.006737
0.0
0.0
0.0
0.0
0.001483
0.0
0.0
0.0
0.0
0.0
0.0
0.0
0.002323
0.0
0.0
0.001951
0.0
0.00142
0.00134
0.005338
0.0
0.0
0.004197
0.0
0.0
0.0
0.0
0.00225
0.0
0.0
0.0
0.001429
0.0
0.0
0.0
0.0
0.0
0.002368
0.0
0.0
0.0
0.0
0.0
0.0
0.0
0.0
0.0
0.004037
0.0
0.0
0.0
0.003003
0.0
0.0
0.002497
0.0
0.0
0.004985
0.0
0.0
0.0
0.003627
0.0
0.0
0.0
0.0
0.004115
0.0
0.002551
0.002864
0.0
0.0
0.0
0.0
0.0
0.0
0.0
0.0
0.0
0.0
0.0
0.0
0.0
0.008074
0.002889
0.001062
0.001197
0.002929
0.0
0.0
0.0
0.0
0.0
0.0
0.0
0.0
0.0
0.0
0.0
0.0
0.003737
0.0
0.0
0.002939
0.002717
0.0
0.0
0.0
0.0
0.0
0.005526
0.0
0.0
0.0
0.0
0.004152
0.0
0.005266
0.0
0.0
0.0
0.0
0.001549
0.0
0.0
0.0
0.0
0.0
0.002641
0.0
0.0
0.0
0.001197
0.0
0.0
0.0
0.0
0.0
0.0
0.0
0.0
0.0
0.0
0.0
0.0
0.0
0.0
0.0
0.0
0.0
0.0
0.0
0.0
0.0
0.0
0.0
0.0
0.0
0.0
0.0
0.0
0.0
0.00338
0.0
0.0
0.002987
0.0
0.0
0.003883
0.002966
8.94E-4
0.0
0.0
0.002405
0.0
0.003723
0.001751
0.0
0.0
0.0
0.001799
0.0
0.002266
0.0
0.001046
0.0
0.0
0.0
0.0
0.0
0.0
0.0
0.001045
0.0
0.0
0.002303
0.0
0.002471
0.0
0.0
0.0
0.004345
0.0
0.0
0.0
0.0
0.0
0.0
0.001437
0.0
0.0
0.0
0.0
0.0
0.0
0.0
0.003869
0.0
0.0
0.001842
0.0
0.0
0.0
0.0
0.004845
0.0
0.0
0.0
0.0
0.0
0.0
0.0
0.002573
0.0
0.0
0.003003
0.0
0.0
0.0
0.002519
0.002469
0.002555
0.0
0.0
0.0
0.0
0.0
0.0
0.0
0.0
0.0
0.0
0.0
0.0
0.0
0.004159
0.0
0.0
0.0
0.0
0.006993
0.0
0.002547
0.0
0.002987
0.0
0.001422
0.0
0.002924
0.0
0.0
0.002587
0.002955
0.0
0.0
0.002939
0.0
0.003855
0.0
0.0
0.0
0.0
0.001069
0.0
0.0
0.0
0.0
0.0
0.0
0.003657
0.002199
0.0
0.0
0.0
0.0
0.0
0.0
0.002333
0.0
0.0
0.001437
0.0
0.002864
0.0
0.0
0.001504
0.0
0.0
0.0
0.0
0.0
0.0
0.0
0.0
0.0
0.0
0.0
0.002683
0.0
0.0
0.0
0.0
0.0
0.0
0.0
0.006809
0.0
0.0
0.0
0.0
0.0
0.0
0.0
0.0
0.0
0.0
0.0
0.003935
0.0
0.0
0.0
0.0
0.002664
0.0
0.00265
0.0
0.0
0.0
0.004235
0.0
0.0
0.0
0.0
0.0
0.0
0.0
0.0
0.005448
0.0
0.004108
0.0
0.0
0.0
0.0
0.0
0.0
0.003019
0.0
0.0
0.0
0.002532
0.002506
0.0
0.0
0.0
0.002586
0.0
0.001308
0.0
0.004289
0.0
0.0
0.0
0.0
0.0
0.0
0.00303
0.001733
0.0
0.0
0.0
0.0
0.0
0.0
0.004159
0.0
0.0
0.00282
0.0
0.0
0.0
0.003989
0.0
0.0
0.003925
0.0
0.0
0.0
0.0
0.002214
0.00165
0.0
0.0
0.0
0.00118
0.003968
0.0
0.004144
0.0
0.0
0.0
0.001779
0.0
0.0
0.004219
0.0
0.0
0.0
0.003768
0.0
0.005769
0.0
0.00248
0.0
0.0
0.004037
0.0
0.002356
0.0
0.0
0.002655
0.0
0.0
0.0
0.001312
0.0
0.0
0.0
0.0
0.0
0.0
0.0
0.0
0.0
0.0
0.0
0.0
0.0
0.0
0.0
0.0
0.004037
0.002506
0.002641
0.0
0.0
0.0
0.002971
0.0
0.0
0.0
0.002655
0.001095
0.0
0.0
0.001877
0.0
0.001449
0.0
0.0
0.0
0.0
0.0
0.0
0.0
0.0
0.0
0.004576
0.00117
0.0
0.0
6.58E-4
0.0
0.0
0.0
0.0
0.0
0.0
9.9E-4
0.0
0.001439
0.0
0.003797
0.0
0.001789
0.0
0.0
0.0
0.0
0.0
0.0
0.0
0.0
0.0
0.0
0.0
0.0
0.0
0.0
0.0
0.0
0.0
0.0
0.0
0.0
0.0
0.005025
0.0
0.0
0.0
0.003842
0.0
0.0
0.0
0.0
0.00373
0.0
0.0
0.0
0.0
0.0
0.0
0.0
0.002613
0.006377
0.0
0.0
0.0
0.0
0.0
0.0
0.0
0.0
0.0
0.0
0.0
0.0
0.0
0.003935
0.0
0.0
0.0
0.0
0.0
0.0
0.0
0.0
0.0
0.0
0.0
0.0
0.0
0.0
0.0
0.0
0.0
0.0
0.003036
0.003036
0.0
0.0
0.002583
0.0
0.0
0.0
0.0
0.0
0.001064
0.0
0.0
0.0
0.0
0.0
0.0
0.0
0.0
0.0
0.0
0.0
0.0
0.0
0.0
0.002992
0.0
0.0
0.0
0.0
0.0
0.0
0.002446
0.005525
0.0
0.0
0.0
0.0
0.0
0.0
0.0
0.001077
0.0
0.0
0.0
0.0
0.002311
0.0
0.0
0.0
0.0
0.0
0.0
0.0
0.0
0.0
0.002541
0.0
0.001992
0.0
0.0
0.0
0.0
0.0
0.0
0.0
0.0
0.0
0.0
0.0
0.0
0.0
0.0
0.0
5.89E-4
0.0
0.0
0.0
0.0
0.0
0.0
0.0
0.0
0.003995
0.0
0.0
0.0
0.0
0.0
0.0
9.46E-4
0.0
0.0
0.0
0.005479
0.002484
0.0
0.0
0.0
0.001412
0.0
0.0
0.0
0.0
0.002592
0.004305
0.002708
0.002214
0.0
0.00296
0.0
0.002501
0.0
0.0
0.0
0.0
0.0
0.0
0.006824
0.003962
0.0
0.0
0.0
0.0
0.0
0.0
0.001195
0.0
0.0
0.0
0.0
0.0
9.72E-4
0.0
0.0
0.0
0.001838
0.0
0.002919
0.0
0.00251
0.002187
0.0
0.0
0.0
0.0
0.002377
0.0
0.0
0.0
0.0
0.0
0.0
0.0
0.0
0.0
0.0
0.0
0.0
0.0
0.003436
0.0
0.0
0.0
0.0
0.002101
0.0
0.0
0.002564
0.0
0.0
0.0
0.0
0.0
0.0
0.0
0.002889
0.0
0.0
0.0
0.001786
0.0
0.003025
0.0
0.0
0.00147
0.001399
0.006957
0.0
0.0
0.0
0.0
0.0
0.0
0.0
0.0
0.0
0.001504
9.7E-4
0.0
0.0
0.0
0.0
0.0
0.0
0.0
0.0
0.0
0.0
0.002698
0.0
0.001174
0.0
0.0
0.0
0.0
0.001724
0.0
0.0
0.0
0.0
0.0
0.0
0.0
0.0
0.0
0.0
0.003918
0.0
0.0
0.0
0.0
0.0
0.0
0.0
0.0
0.0
0.0
0.0
0.0
0.0
0.003592
0.002685
0.0
0.005386
0.0
0.0
0.0
0.0
0.0
0.0
0.00296
0.0
0.002349
0.003025
0.001345
0.0
0.0
0.0
0.0
0.0
0.0
0.0
0.0
0.00625
0.0
0.0
0.0
0.0
0.0
0.0
0.0
0.0
0.0
0.0
0.0
7.45E-4
0.0
0.0
0.0
0.0
0.0
0.0
0.00107
0.0
0.0
0.0
0.0
0.006757
0.002992
0.0
0.001751
0.0
0.002854
0.0
0.0
0.0
0.0
0.0
0.003825
0.0
0.0
0.0
0.0
0.0
0.0
0.0
0.0
0.002377
0.0
0.001053
0.0
0.0
0.0
0.0
0.0
0.0
0.0
0.0
0.0
0.001203
0.001315
0.0
0.0
0.0
0.0
0.0
0.0
0.0
0.0
0.003574
0.0
0.0
0.003862
0.0
0.0
0.0
0.0
0.0
0.0
0.0
0.0
0.0
0.0
0.0
0.0
0.0
0.001396
0.0
0.0
0.0
0.0
0.0
0.0
0.002435
0.0
0.0
0.0
0.002534
0.0
0.0
0.0
0.001083
0.0
0.002451
0.001201
0.0
0.0
0.0
0.0
0.0
0.005147
0.002555
0.0
0.002659
0.002365
0.005164
0.0
0.0
0.0
0.006083
0.002613
0.0
0.0
0.001053
0.0
0.0
0.0
0.0
0.0
0.0
0.0
0.002564
0.003911
0.0
0.0
0.0
0.0
0.0
0.001005
0.0
0.0
0.0
0.002924
0.0
0.0
0.0
0.0
0.0
0.002732
0.0
0.0
0.005236
0.0
0.0
0.0
0.0
0.0
0.0
0.0
0.0
0.0
0.0
0.001364
0.0
0.0
0.002206
0.0
0.0
0.0
0.0
0.00403
0.0
0.0
0.0
0.0
0.0
0.0
0.002834
0.0
0.0
0.001401
0.0
0.0
0.0
0.0
0.0
0.002591
0.0
0.0
0.0
0.0
0.0
0.0
0.0
0.0026
0.005183
0.002849
0.0
0.0
0.004086
0.0
0.0
0.0
0.0
0.0
0.0
0.001523
0.0
0.0
0.0
0.001432
0.001017
0.0
0.0
0.0
0.0
0.0
0.0
0.0
0.0
0.0
0.0
0.0
0.0
0.0
0.0
0.002316
0.001507
0.0
0.0
0.0
0.0
0.0
0.0
0.0
0.0
0.0
0.0
0.004219
0.0
0.0
0.0
0.0
0.0
0.0
0.0
0.0
0.0
0.0
0.001818
0.0
0.003932
0.0
0.0
0.001432
0.0
0.0
0.0
0.0
0.003678
0.002455
0.003989
0.0
0.0
0.0
0.0
0.0
0.0
0.002564
0.0
0.0
0.0
0.0
0.0
0.0
0.0
0.0
0.003736
0.0
0.0
0.0
0.0
0.001773
0.0
0.001027
0.002627
0.0
0.001117
0.0
0.0
0.0
0.0
0.0
0.0
0.0
0.0
0.0
0.002708
0.0
0.0
0.0
0.0
0.0
0.0
0.0
0.0
0.0
0.0
0.0
0.0
0.0
0.0
0.0
0.0
0.0
0.0
0.0
0.0
0.002137
0.0
0.0
0.0
0.0
0.002622
0.0
0.0
0.0
0.0
0.0
0.0
0.0
0.00148
0.0
0.0
0.0
0.0
0.0
0.0
0.002542
0.008658
0.0
0.0
0.002218
0.0
0.0
0.0
0.0
0.0
0.0
0.0
0.0
0.0
0.0
0.0
0.003058
0.0
0.0
0.0
0.002583
0.004297
0.003512
0.0
0.003962
0.0
0.0
0.0
0.0
0.0
0.0
0.0
0.0
0.0
0.0
0.002573
0.0
0.0
0.0
0.0
0.0
0.004042
0.0
0.0
0.0
0.0
0.0
0.001684
0.0
0.004033
0.0
0.002327
0.0
0.0
0.0
0.0
0.0
0.0
0.0
0.00225
0.0
0.002894
0.0
0.0
0.0
0.00565
0.0
0.0
0.0
0.002446
0.0
0.004108
0.0
0.0
0.0
0.0
0.0
0.00142
0.0
0.0
0.0
0.001295
0.0
0.0
0.0
7.5E-4
0.0
0.0
0.0
0.0
0.0
0.0
0.0
0.0
0.0
0.0
0.002199
0.0
0.0
0.0
0.0
0.0
0.002914
0.0
0.0
0.0
0.002564
0.0
0.0
0.0
0.0
0.004108
0.0
0.0
0.0
0.0
0.002982
0.0
0.0
0.0
0.0
0.004197
0.0
0.0
0.0
0.0
0.00225
0.0
0.002924
0.0
0.0
0.0
0.003492
0.0
0.0
0.0
0.0
0.005495
0.0
0.0
0.006003
0.0
0.0
0.0
0.005635
0.0
0.0
0.0
0.0
0.002992
0.0
0.0
0.0
0.0
0.0
0.0
0.0
0.004023
0.0
0.0
0.001161
0.0
0.0
0.0
0.001485
0.0
0.0
0.002521
0.002327
0.0
0.001124
0.005367
0.0
0.003989
0.0
0.0
0.001147
0.0
0.0
0.0
0.003368
8.99E-4
0.0
0.0
0.006911
0.0
0.002752
0.0
0.0
0.0
0.0
0.001142
0.0
0.0
0.0
0.0
0.0
0.0
0.002528
0.0
0.0
0.0
0.0
0.0
0.0
0.001027
0.0
0.0
0.0
0.0
0.0
0.004204
0.0
0.0
0.002801
0.0
0.0
0.0
0.0
0.0
0.0
0.0
0.001776
0.0
0.0
0.0
0.0
0.0
0.0
0.0
0.0
0.0
0.0
0.002339
0.006797
0.0
0.0
0.002551
0.0
0.0
0.001428
0.0
0.0
0.0
0.0
0.0
0.0
0.0
0.001712
0.003889
0.0
0.0
0.0
0.0
0.0
0.0
0.0
0.0
0.0
0.0
0.002568
0.0
0.0
0.0
0.0
0.0
0.0
0.00303
0.0
0.0
0.0
0.0
0.002352
0.0
0.0
0.0
0.0
0.002541
0.0
0.0
0.0
0.0
0.001087
0.0
0.005172
0.0
0.0
0.0
0.001149
0.0
0.002377
0.0
0.0
0.0
5.31E-4
0.0
0.0
0.0
0.003003
0.0
0.002147
0.002525
0.001465
0.001444
0.0
0.0
0.003678
0.001532
0.0
0.002286
0.0
0.0
0.0
0.0
0.0
0.001903
0.0
0.0
0.0
0.0
0.0
0.002434
0.0
0.0
0.002636
0.004058
0.0
0.0
0.0
0.002894
0.0
0.003784
0.0
0.0
0.001457
0.002389
0.004699
0.0
0.004242
0.0
0.0
0.002674
0.0
0.001727
0.0
0.0
0.0
0.004108
0.0
0.0
0.0
0.004122
0.0
0.0
0.0
0.0
0.0
0.0
0.0
0.0
0.0
0.0
0.0
0.0
0.0
0.0
0.001168
0.0
0.0
0.0
0.0
0.0
0.0
0.0
0.00425
0.0
0.0
0.0
0.0
0.0
0.0
0.002577
0.0
0.001168
0.0
0.0
0.0
0.0
0.0
0.0
0.0
0.0
0.0
0.0
0.001371
0.0
0.001083
0.002708
0.0
0.0
0.0
0.0
0.0
0.0
0.0
0.0
0.0
0.0
0.002884
0.0
0.0
0.0
0.0
0.0
0.0
0.0
0.003855
0.0
0.0
0.0
0.0
0.003801
0.003947
0.001706
0.0
0.0
0.0
0.0
0.00403
0.0
0.0
0.0
0.0
0.0
0.0
0.0
0.0
0.0
0.0
0.0
0.0
0.0
0.00107
0.004012
0.0
0.0
0.003828
0.0
0.0
0.001201
0.0
0.0
0.0
0.0
0.0
0.0
9.24E-4
0.0
0.0
0.0
0.0
0.002796
0.00228
0.001518
0.0
0.0
0.003047
0.007745
0.0
0.0
0.0
0.0
0.002226
0.0
0.0
0.003704
0.0
0.00265
0.001808
0.0
0.0
0.0
0.001485
0.0
0.0
0.0
0.0
0.0
0.001648
0.0
0.0
0.0
0.001362
0.0
0.0
0.0
0.0
0.0
0.0
5.28E-4
0.0
0.0
0.0
0.0
0.0
0.006836
0.001757
0.001347
0.0
0.0
0.0
0.0
0.0
0.0
0.0
0.0
0.0
0.0
0.0
0.0
0.00326
0.0
0.0
0.004152
0.001022
0.0
0.0
0.0
0.0
0.001532
0.0
0.0
0.0
0.003955
0.0
0.002361
0.0
0.0
0.0
0.0
0.0
0.0
0.002768
0.0
0.0
0.002226
0.0
0.0
0.0
0.0
0.0
0.003939
0.0
0.0
0.0
0.0
0.0
0.0
0.0
0.001584
0.003671
0.0
0.0
0.0
0.0
9.23E-4
0.001526
0.0
0.0
0.0
0.0
0.0
0.0
0.0
0.0
0.0
0.002773
0.0
0.0
0.0
0.0
0.0
0.005
0.0
0.0
0.0
0.0
0.0
0.003736
0.0
0.0
0.0
0.0
0.001375
0.0
0.0
0.0
0.0
0.002874
8.94E-4
0.00413
0.0
0.0
0.0
0.0
0.0
0.0
0.0
0.002506
0.0
0.0
0.0
0.0
0.0
0.0
0.0
0.0
0.0
0.0
0.0
0.0
0.0
0.002252
0.0
0.0
0.0
0.0
0.0
0.001049
0.0
0.0
0.0
0.0
0.0
0.0
0.0
0.0
0.0
0.0
0.0
0.0
0.0
0.0
0.0
0.0
0.0
0.0
0.005329
0.0
0.0
0.0
0.0
0.0
0.0
0.0
0.004086
0.0
0.0
0.0
0.003955
0.0
0.0
0.004144
0.0
0.0
0.0
0.0
0.0
0.001033
0.0
0.003925
0.0
0.0
0.0
0.0
0.002669
0.001439
0.001172
0.0
0.0
0.001195
0.0
0.0
0.0
0.0
0.0
0.0
0.0
0.0
0.0
0.0
0.0
0.0
0.0
0.0
0.0
0.0
0.002787
0.0
0.0
0.0
0.0
0.002094
0.0
0.0
0.0
0.0
0.0
0.0
0.0
0.0
0.0
0.001299
0.004181
0.0
0.001502
0.0
0.0
0.001739
0.0
0.0
0.0
0.003379
0.0
0.0
0.0
0.00245
0.0
0.0
0.0
0.0
0.001284
0.003092
0.0
0.002471
0.003975
0.0
0.0
0.00173
0.0
0.0
0.0
0.0
0.0
0.0
0.0
0.004144
0.0
0.0
0.0
0.0
0.0
0.0
0.0
0.0
0.0
0.002894
0.0
0.002515
0.0
0.0
0.0
0.0
0.0
0.002717
0.0
0.0
0.0
0.0
0.0
0.0
0.0
0.0
0.001193
0.0
0.001075
0.0
0.0
0.0
0.004058
0.0
0.004002
0.002762
0.0
0.0
0.0
0.0
0.002778
0.001362
0.0
0.0
0.00296
0.006903
0.0
8.99E-4
5.51E-4
0.0
0.0
0.0
0.0
0.0
0.0
0.0
0.0
0.0
0.0
0.0
0.0
0.0
0.0
0.0
0.0
0.002307
0.0
0.004802
0.0
0.0
0.0
0.0
0.0
0.006785
0.0
0.0
0.002849
0.0
0.0
0.0
0.0
0.001712
0.002674
0.0
0.0
0.0
0.0
0.0
0.0
0.0
0.0
0.002219
0.003962
0.0
0.0
0.0
0.0
0.0
0.0
0.0
0.004746
0.001313
0.002849
0.0
0.003008
0.002889
0.003251
0.0
0.0
0.0
0.0
0.0
0.0
0.0
0.0
0.002622
0.0
0.0
0.0
0.0
0.0
0.0
0.0
0.0
0.0
0.001432
0.0
0.0
0.0
0.0
0.0
0.0025
0.0
0.002311
0.0
0.0
0.0
0.0
0.0
0.001786
0.0
0.0
0.002504
0.002506
0.0
0.0
0.0
0.0
0.0
0.0
0.001488
0.0
0.0
0.0
0.0
0.0
0.0
0.002604
0.0
0.0
0.0
0.0
0.002583
0.003928
0.0
0.0
0.0
0.0
0.002971
0.0
0.0
0.0
0.0
0.0
0.0
0.002859
0.0
0.0
0.002377
0.001661
0.002636
0.0
0.002343
0.0
0.0
0.0
0.0
0.00226
0.0
0.0
0.0
0.0
0.0
0.0
0.0
0.0
0.0
8.41E-4
0.0
0.0
0.002971
0.0
0.0
0.0
0.0
0.0
0.0
0.002701
0.0
0.0
0.0
0.003064
0.0
0.0
0.0
0.0
0.004002
0.0
0.003081
0.0
0.003311
0.002787
0.0
0.0
0.0
0.003041
0.0
0.0
0.0
0.0
0.0
0.002788
0.0
0.0
0.0
0.0
0.0
0.0
0.0
0.0
0.0
0.0
0.0
0.0
0.0
0.002945
0.0
0.002564
0.0
0.0
0.0
0.0
0.0
0.0
0.0
0.0
0.0
0.0
0.0
0.0
0.006183
0.0
0.0
0.001432
0.002874
0.0
0.0
9.12E-4
0.0
0.0
0.0
0.005102
0.0
0.0
0.0
0.0
0.0
0.0
0.002098
0.0
0.0
0.0
0.0
0.0
0.0
0.003846
0.0
0.0
0.0
0.005146
0.0
0.0
0.0
0.0
0.0
0.004845
0.0
0.005181
0.00669
0.0
0.0
0.0
0.001113
0.0
0.0
0.0
0.002688
0.0
0.002976
0.0
0.0
0.0
0.0
0.0
0.0
0.0
0.0
0.0
0.0
0.0
0.0
0.0
0.002874
0.002992
0.0
0.0
0.0
0.002919
0.002195
0.0
0.0
0.0
0.0
0.0
0.0
0.0
0.0
0.002934
0.0
0.0
0.0
0.001444
0.001144
0.0
0.0
0.0
0.0
0.002234
0.0
0.0
0.0
0.0
0.0
0.004137
0.0
0.0
0.0
0.0
0.0
0.0
0.002327
0.0
0.0
0.0
0.0
0.0
0.0
0.0
0.0
0.0
0.0
0.0
0.002595
0.0
0.0
0.0
0.0
0.0
0.0
0.0
0.0
0.0
0.0
0.004843
0.002708
0.0
0.0
0.00147
0.0
0.0
0.003947
0.0
0.0
0.0
0.0
0.0
0.0
0.0
0.002976
0.0
0.0
0.0
0.0
0.003613
0.0
0.0
0.0
0.0
0.0
0.004101
0.002083
0.0
0.0
0.0
0.0
0.0
0.002482
0.002613
0.0
0.0
0.0
0.0
0.0
0.0
0.0
0.0
0.0
0.0
0.0
0.0
0.0
0.0
0.005546
0.0
9.77E-4
0.0
0.0
0.001432
0.004174
0.0
0.0
0.0
0.0
0.0
0.003633
0.0
0.0
0.0
0.0
0.0
0.0
0.004122
0.0
0.0
0.0
0.0
0.0
0.0
0.0
0.002577
0.0
0.0
0.0
0.0
0.0
0.0
0.0
0.0
0.0
0.0
0.002982
9.21E-4
0.007613
0.001029
0.0
0.003947
0.004122
0.0
0.004037
0.0
0.0
0.0
9.92E-4
0.002035
0.0
0.0
0.0
0.0
0.003928
0.006324
0.0
0.0
0.004101
0.0
0.0
0.0
0.003665
0.0
0.0
0.0
0.0
0.0
0.0
0.0
0.002389
0.006265
0.0
0.0
0.0
0.0
0.0
0.0
0.0
0.0
0.0
0.001452
0.0
0.0
0.003768
0.0
0.0
0.007738
0.0
0.0
0.010127
0.0
0.0
0.0
0.0
0.0
0.0
0.0
0.001031
0.0
0.0
0.0
0.0
0.0
0.0
0.0
0.0
0.0
0.0
0.00255
0.001089
0.0
0.0
0.0
0.0
0.0
0.007313
0.0
0.0
0.0
0.0
0.0
0.0
0.0
0.0
0.0
0.002286
0.00425
0.0
0.0
0.0
0.0
6.84E-4
0.0
0.0
0.0
0.002874
0.0
0.003982
0.0
0.0
0.0
0.0
0.0
0.0
0.0
0.0
0.0
0.0
0.0
0.0
9.38E-4
0.0
0.0
0.0
0.0
0.0
0.0
0.0
0.0
0.0
0.0
0.002418
0.00425
0.002929
0.0
0.001166
0.0
0.0
0.0
0.0
0.0
0.0
0.0
0.003716
0.0
0.0
0.0
0.0
0.0
0.003064
0.0
0.0
0.0
0.0
0.0
0.0
0.0
0.0
0.002488
0.0
0.002381
0.0
0.0
0.002904
0.0
0.004997
0.0
0.0
0.0
0.0
0.0
0.0
0.0
0.0
0.0
0.0
0.0
0.0
0.0
0.0
0.001493
0.0
0.0
0.0
0.0
0.0
0.0
0.0
0.0
0.0
0.0
0.0
0.0
0.002393
0.002894
0.0
0.0
0.0
0.0
0.0
0.0
0.0
0.008537
0.0
0.0
0.002613
0.008274
0.0
0.0
0.0
0.0
0.004235
0.0
0.002874
0.001681
0.0
0.0
0.0
0.0
0.0
0.002618
0.0
0.004051
0.0
0.0
0.0
0.0
0.0
0.0
0.0
0.0
0.0
0.0
0.0
0.0
0.0
0.0
0.0
0.0
0.0
0.0
0.0
0.0
0.0
0.0
0.0
0.00283
0.0
0.0
0.0
0.0
0.0
0.0
0.0
0.002291
0.0
0.0
0.0
0.0
0.0
0.0
0.0
0.0
0.0
0.0
0.0
0.003828
0.0
0.0
0.002587
0.0
0.0
0.0
0.002534
0.0
0.0
0.0
0.0
0.0
0.001998
0.0
0.0
5.76E-4
0.0
0.004281
0.0
0.0
0.001808
0.0
0.0
0.0
0.0
0.004321
0.003041
0.0
0.001783
8.48E-4
0.0
0.0
0.0
0.0
0.0
0.0
0.0
0.0
0.00119
0.0
0.0
0.0
7.55E-4
0.0
0.0
0.003729
0.002755
0.0
0.0
0.0
0.0
0.0
0.0
0.0
0.0
0.0
0.0
0.0
0.0
0.001478
0.0
0.0
0.0
0.0
0.0
0.003955
0.0
0.0
0.0
0.0
0.007156
0.002646
0.0
0.0
0.0
0.0
0.0
0.0
0.001532
0.0
0.0
0.0
0.0
0.0
0.005484
0.0
0.0
0.0
0.0
0.0
0.0
0.0
0.002945
0.003889
0.0
0.0
0.005425
0.0
0.0
0.0
0.0
0.0
0.0
0.0
0.0
0.0
0.0
0.001347
0.0
0.002684
0.0
0.0
0.0
0.0
0.00295
0.0
0.0
0.0
0.003848
0.0
0.0
0.0
0.0
0.0
0.0
0.0
0.002717
0.0
0.0
0.0
0.0
0.0
0.0
0.002674
0.002636
0.0
0.003743
0.0
0.001026
0.0
0.0
0.0
0.0
0.0
0.0
0.0
0.0
0.0
0.0
0.006797
0.0
0.0
0.005226
0.0
0.0
0.0
0.0
0.0
0.00135
0.003619
0.0
0.0
0.0
0.0
0.004522
0.0
0.0
0.002609
0.0
0.0
0.002488
0.0
0.0
0.0
0.0
0.0
0.0
0.0
0.0
0.0
0.0
0.0
0.0
0.0
0.002708
0.001672
0.0
0.0
0.0
0.0
0.0
0.0
0.0
0.0
7.56E-4
0.004159
0.0
0.0
0.0
0.005758
0.0
0.001773
0.004425
0.002595
0.00295
0.0
0.002914
0.0
0.0
0.0
0.002627
0.0
0.0
0.0
0.0
0.0
0.0
0.0
0.0
0.0
0.0
0.0
0.0
0.0
0.0
0.0
0.0
0.0
0.0
0.0
0.0
0.0
0.0
0.0
0.0
0.0
0.002523
0.001425
0.0
0.0
0.0
0.0
0.0
0.0
0.0
0.0
0.006598
0.0
0.0
0.0
0.0
0.0
0.0
0.0
0.0
0.0
0.0
0.0
0.002288
0.0
0.0
0.002525
0.0
0.0
0.0
0.0
0.0
0.0
0.0
0.0
0.0
0.0
0.0
0.0
9.65E-4
0.0
0.0
0.0
0.0
0.0
0.0
0.0
0.0
0.0
0.0
0.001038
0.004002
0.0
0.0
0.002582
0.002655
0.0
0.0
0.0
0.0
0.0
0.0
0.0
0.0
0.0
0.0
0.0
0.0
0.0
0.002438
0.0
0.003123
0.0
0.0
0.003842
0.0
0.0
0.0
0.0
0.0
0.0
0.0
0.0
0.0
0.0
0.0
0.0
0.0
0.002586
0.0
0.0
0.0
0.0
0.0
0.005971
0.0
0.0
0.0
0.0
0.0
0.0
0.0
0.0
0.0
0.002613
6.68E-4
0.0
0.0
0.0
0.0
0.0
0.0
0.0
0.003777
0.0
0.0
0.0
0.0
0.0
0.0
0.0
0.0
0.002806
0.0
0.0
0.0
0.0
0.0
0.0
0.0
0.0
0.0
0.0
0.0
0.0
0.0
0.0
0.0
0.0
0.0
0.0
0.0
0.0
0.0
0.0
0.0
0.0
0.001727
0.0
0.0
0.0
0.0
0.0
0.0
0.0
0.0
0.0
0.0
0.0
0.0
0.001271
0.0
0.0
0.0
0.0
0.0
0.0
0.001507
0.0
0.0
0.0
0.0
0.0
0.0
0.0
0.0
0.0
0.0
0.0
0.001808
0.0
0.0
0.0
0.002203
0.0
0.0
0.0
0.0
0.0
0.0
0.0
0.0
0.0
0.0
0.0
0.005526
0.001462
0.0
0.0
0.001322
0.0
0.0
0.002664
0.004055
0.0
0.0
0.0
0.0
0.0
0.0
0.0
0.0
0.0
0.0
0.0
0.0
0.0
0.003962
0.001761
0.0
0.0
0.0
0.0
0.0
0.0
0.0
0.0
0.0
0.0
0.0
0.0
0.0
0.0
0.0
0.0
0.0
0.0
0.002616
0.0
0.0
0.0
0.0
0.0
0.0
0.007299
0.0
9.2E-4
0.002226
0.0
0.0
0.0
0.0
0.0
0.002929
0.0
0.0
0.002909
0.0
0.004065
0.0
0.0
0.0
0.0
0.0
0.0
0.0
0.0
0.0
0.0
0.0
0.0
0.0
0.0
0.0
0.0
0.0
0.0
0.0
0.0
0.0
0.0
0.0
0.0
0.0
0.0
0.004687
0.0
0.002211
0.0
0.0
0.0
0.0
0.001449
0.0
0.0
0.0
0.00147
0.002698
0.0
0.0
0.0
0.0
0.002442
0.004115
0.0
0.0
0.0
0.0
0.0
0.0
0.0
0.0
0.0
0.003825
0.0
0.0
0.0
0.0
0.0
0.0
0.0
0.0
0.0
0.002219
0.0
0.0
0.0
0.001434
0.002737
0.0
0.0
0.0
0.0
0.0
0.002976
0.0
0.0
0.0
0.0
0.0
0.0
0.0
0.0
0.0
0.001237
0.0
0.0
0.004825
0.0
0.0
0.0
0.0
0.0
0.0
0.0
0.0
0.0
0.0
0.0
0.0
0.0
0.002722
0.0
0.0
0.0
0.0
0.0
0.0
0.0
0.0
0.0
0.002799
0.0
0.0
0.0
0.001502
0.003127
0.001015
0.0
0.002592
0.0
0.0
0.0
0.00119
0.0
0.0
0.00283
0.0
0.0
0.002849
0.0
0.0
0.0
0.0
0.0
0.003623
0.001178
0.0
0.004444
0.0
0.0
0.0
0.001439
0.0
0.0
0.0
0.0
0.002683
0.0
0.0
0.0
0.0
0.0
0.0
0.0
0.0
0.0
0.0
0.0
0.0
0.00245
0.0
0.0
0.0
0.00131
0.0
0.002583
0.006821
0.0
0.0
0.003762
0.0
0.0
0.003697
0.0
0.0
0.0
0.0
0.0
0.001012
0.0
0.0
0.0
0.0
0.0
0.005667
0.0
0.0
0.0
0.0
0.002612
0.0
0.0
0.0
0.001477
0.00371
0.0
0.0
0.0
0.0
0.001101
0.0
0.0
0.0
0.0
0.003918
0.0
0.0
0.0
0.001012
0.0
0.0
0.0
0.0
0.0
0.0
0.0
0.0
0.0
0.0
0.0
0.0
0.0
0.0
0.0
0.0
0.0
0.0
0.0
0.0
0.0
0.0
0.0
0.0
0.0
0.0
0.0
9.8E-4
0.0
0.001767
0.0
0.0
0.0
0.0
0.0
0.001442
0.0
0.006787
0.0
0.001475
0.0
0.003557
0.005464
0.0
0.0
0.0
0.002945
0.0
0.0
0.0
0.0
0.0
0.0
0.0
0.0
0.0
0.0
0.0
0.0
0.0
0.0
0.0
0.006667
0.0
0.006811
0.0
0.002609
0.0
0.0
0.0
0.0
0.0
0.0
0.0
0.0
0.0
0.0
0.0
0.002669
0.0
0.0
0.0
0.0
0.0
0.0
0.0
0.0
0.0
0.0
0.0
0.0
0.0
0.0
0.002364
0.0
0.0
0.0
0.0
0.002688
0.0
0.0
0.0
0.00255
0.0
0.0
0.0
0.0
0.002515
0.0
0.0
0.0
0.0
0.0
0.0
0.0
0.0
0.0
0.0
0.0
0.0
0.0
0.0
0.004122
0.0
0.0
0.0
0.0
0.001795
0.0
0.0
8.98E-4
0.0
0.002372
0.0
0.002722
0.002839
0.0
0.0
0.003784
0.0
0.0
0.0
0.0
0.0
0.0
0.0
0.0
0.0
0.0
0.0
0.0
0.0
0.002551
0.0
0.0
0.0
0.0
0.0
0.0
0.001449
0.002654
0.002199
0.0
0.0
0.006969
0.005688
0.0
0.0
0.0
0.001062
0.0
0.002886
0.0
0.0
0.0
0.002415
0.0
0.0
0.0
0.001161
0.0
0.0
0.004606
0.0
0.0
0.0
0.0
0.003729
0.0
0.00413
0.0
0.0
0.0
0.0
0.005101
0.0
0.0
0.002587
0.0
0.0
0.0
0.0
0.0
0.0
0.0
0.0
0.0
0.0
0.003654
0.0
0.0
0.002108
0.005524
0.0
0.0
0.0
0.0
0.0
0.0
0.0
0.002323
0.002801
0.005467
0.0
0.0
0.0
0.0
0.0
0.0
0.0
0.0
0.0
0.0
0.0
0.0
0.0
0.0
0.002879
0.0
0.0
0.0
0.0
0.0
0.0
0.0
0.0
0.0
0.0
0.002869
0.0
0.001698
0.0
0.0
0.002299
0.0
0.0
0.0
0.0
0.0
0.0
0.0
0.0
0.0
0.0
0.0
0.0
0.0
0.0
0.0
0.0
0.0
0.00159
0.0
0.002119
0.0
0.002162
8.58E-4
0.0
0.0
0.0
0.0
0.001695
0.0
0.004144
0.0
0.0
0.0
0.004144
0.006618
0.0
0.0
0.002796
0.0
0.0
0.0
0.0
0.0
0.0
0.0
0.0
0.0
0.0
0.0
0.003297
0.001051
0.0
0.002582
0.0
0.0
0.0
0.004051
0.001407
0.0
0.0
0.0
0.001024
0.001712
0.002319
0.001412
0.0
0.0
9.75E-4
0.0
0.0
0.0
0.0
0.0
0.0
0.0
0.0
0.0
0.0
0.0
0.0
0.002446
0.0
0.0
0.0
0.0
0.0
0.0
0.0
0.0
0.0
0.0
0.0
0.002226
9.44E-4
0.0
0.0
0.0
0.0
0.001523
0.00141
0.005229
0.0
0.0
0.0
0.0
0.002857
0.003716
7.09E-4
0.0
0.0
0.0
0.0
0.002275
0.0
0.0
0.0
0.0
0.0
0.0
0.0
0.0
0.0
0.0
0.0
0.0
0.0
0.0
0.0
0.002854
0.002519
0.0
0.0
0.0
0.0
0.0
0.005111
0.0
0.0
0.0
0.001297
9.65E-4
0.002945
0.002455
0.0
0.0
0.002727
0.0
0.0
0.0
0.0
0.002226
0.0
0.0
0.0
0.0
0.0
0.002214
0.0
0.0
0.0
0.0
0.0
0.005984
0.0
0.0
0.0
0.0
0.0
0.0
0.0
0.0
0.0
0.0
0.0
0.0
0.0
0.00117
0.0
0.0
0.0
0.0
0.0
0.0
0.0
0.0
0.0
0.0
0.0
0.004115
0.0
0.0
9.19E-4
0.0
0.0
0.0
0.0
0.002274
0.0
0.0
0.003804
0.0
0.0
0.003518
0.004281
0.0
0.004321
0.0
0.00296
0.0
0.0
0.0
0.00413
0.0
0.0
0.0
0.001721
0.0
0.0
0.0
0.0
0.004242
0.0
0.003876
0.0
0.002394
0.0
0.002609
0.0
0.0
0.0
0.003691
7.52E-4
0.0
0.0
0.0
0.0
0.0
0.004281
0.0
0.0
0.002737
0.0
0.0
0.00226
0.0
0.0
0.001049
0.0
8.56E-4
0.0
0.0
0.0
0.0
0.003788
0.0
0.0
0.0
0.0
0.001386
0.0
0.0
0.0
0.0
0.002698
0.0
0.0
0.0
0.0
0.0
0.0
0.001066
0.0
0.0
0.0
0.0
0.0
0.0
0.0
0.00266
0.0
0.003533
0.0
0.001172
0.0
0.0
0.0
0.002025
0.0
0.0
0.0
0.0
0.0
0.0
0.001097
0.005455
0.0
0.0
0.0
0.0
0.0
0.0
0.0
0.0
0.005435
0.0
0.0
0.0
0.0
0.0
0.0
0.0
0.0
0.0
0.0
0.0
0.002335
0.0
0.002158
0.0
0.002101
0.002501
0.0
0.0
0.0
0.0
0.0
0.0
0.0
0.0
0.0
0.0
0.0
0.0
0.00256
0.0
0.0
0.0
0.0
0.0
0.0
0.00256
0.001333
0.0
0.0
0.0
0.0
0.0
0.001019
0.005254
0.0
0.0
0.0
0.001532
0.003815
7.68E-4
0.004094
0.0
0.0
0.0
0.0
0.0
0.0
0.0
0.0
0.0
0.0
0.001073
0.0
0.002924
0.0
0.0
0.00245
0.006011
0.003781
0.0
0.004002
0.0
0.0
0.0
0.002864
0.0
0.002683
0.0
0.0
0.0
0.0
0.005164
0.0
0.001163
0.001439
0.0
0.0
0.0
0.0
0.0
0.002641
0.0
0.0
0.0
0.0
0.0
0.0
0.0
0.001053
0.0
0.0
0.0
0.0
0.0
0.0
0.00245
0.0
0.0
0.0
0.0
0.001459
0.005889
0.0
0.0
0.002307
0.0
0.0
0.0
0.0
0.0
0.0
0.002884
0.0
0.001558
0.0
0.010023
0.0
0.0
0.0
0.0
0.0
0.0
0.0
0.0
0.0
0.002226
9.11E-4
0.0
0.001459
0.0
0.0
0.0
0.0
0.002591
0.0
0.0
0.0
0.0
0.002708
0.0
0.0
0.0
0.0
0.0
0.0
0.0
0.0
0.0
0.0
0.001203
0.0
0.0
0.0
0.0
0.0
0.001504
0.004152
0.003635
0.0
0.0
0.0
0.0
0.0
0.0
0.0
0.0
0.0
0.0
0.00266
0.001193
0.0
0.0
0.0
0.0
0.0
0.002241
0.0
0.0
0.0
0.0
0.0
0.0
0.0
0.0
0.0
0.004037
0.0
0.002504
0.0
0.0
0.0
0.0
0.0
0.0
0.0
0.0
0.0
0.0
8.8E-4
0.0
0.0
0.0
0.002586
0.0
0.0
0.0
0.0
0.0
0.0
0.0
0.0
0.0
0.0
0.0
0.0
0.0
0.0
0.00101
0.0
0.0
0.0
0.00295
0.0
0.0
0.004928
0.0
0.0
0.0
0.0
0.0
0.002534
0.002134
0.0
0.0
0.0
0.0
0.0
0.0
0.0
0.0
0.001457
0.0
0.0
0.0
0.0
0.001432
0.0
0.0
0.002262
0.0
0.002525
0.0
0.0
0.0
0.0
0.0
0.001022
0.003576
0.0
0.0
0.0
0.0
0.003889
0.0
0.0
0.0
0.002669
0.0
0.001364
0.0
0.0
0.002076
0.0
0.0
0.0
0.0
0.0
0.0
0.0
0.0
0.002578
0.0
0.0
9.94E-4
0.0
0.0
0.0
0.0
0.0
0.003633
0.0
0.0
0.0
0.0
0.0
0.0
0.0
0.0
0.0
0.00266
0.001684
0.0
0.0
0.0
0.0
0.001062
0.002546
0.0
0.002955
0.0
0.0
0.0
0.0
0.0
0.0
0.0
0.001136
0.0
0.0
0.006017
0.0
0.0
0.004094
0.0
0.0
0.0
0.00389
0.0
0.0
0.0
0.004955
0.0
0.0
0.0
0.0
0.002527
0.0
0.0
0.0
0.0
0.004051
0.0
0.0
0.003875
0.002555
0.0
0.0
0.0
0.0
0.001058
0.0
0.0
0.0
0.0
0.0
0.0
0.0
0.0
0.0
0.0
0.0
0.0
0.0
0.0
0.0
0.0
0.0
0.0
0.0
0.0
0.0
0.0
0.0
0.0
0.0
0.0
0.0
0.0
0.0
0.0
0.0
0.0
0.0
0.0
0.0
0.0
0.0
0.003047
0.0
0.0
0.0
0.0
0.0
0.004108
0.0
0.0
0.0
0.0
0.0
0.0
0.0
0.0
0.0
0.0
0.002966
0.0
0.005226
0.002537
0.0
0.0
0.0
0.0
0.0
0.008094
0.0
0.0
0.0
0.009524
0.0
0.0
0.0
0.0
0.0
0.0
0.00134
0.0
0.0
0.0
0.0
0.0
0.002339
0.0
0.0
0.0
0.001326
0.0
0.003064
0.0
0.0
0.0
0.0
0.0
0.0
0.0
0.0
0.0
0.0
0.001552
0.0
0.0
0.0
0.0
0.005914
0.0
0.0
0.002987
0.0
0.0
0.0
0.0
0.0
0.0
0.0
0.0
0.001264
0.003621
0.0
0.0
0.004058
0.0
0.001122
0.0
9.09E-4
0.004159
0.0
0.006655
0.0
0.0
0.0
0.00198
0.0
0.0
0.0
0.0
0.0
0.0
0.0
0.0
0.0
0.001144
0.0
0.0
0.0
0.0
0.002646
0.0
0.0
0.0
0.0
0.0
0.003788
0.0
0.0
0.0
0.0
0.0
0.005254
0.0
8.95E-4
0.0
0.0
0.0
0.0
0.0
0.0
0.001767
0.0
0.0
0.0
0.004037
0.0
0.0
0.00218
0.001062
0.0
0.0
0.0
0.0
0.0
0.0
0.0
0.0
0.0
0.0
0.0
0.0
0.0
0.0
0.0
0.0
0.0
0.0
0.002595
0.004115
0.0
0.003975
0.0
0.0
0.0
0.0
0.002591
0.0
0.0
0.0
0.0
0.0
0.0
0.0
0.0
0.0
0.0
0.0
0.0
0.0
0.0
0.0
0.0
0.00236
9.97E-4
0.0
0.0
0.0
0.0
0.001832
0.0
0.001465
0.001483
9.7E-4
0.0
0.0
0.001188
0.0
0.0
0.0
0.0
0.0
0.0
0.0
0.0
0.001692
0.0
0.001066
0.0
0.0
0.0
0.0
0.0
0.0
0.0
0.0
0.0
0.001475
0.0
0.0
0.0
0.0
0.0
0.0
0.0
0.0
0.001439
0.0
0.0
0.0
0.0
0.0
0.0
0.0
0.0
0.0
0.0
0.0
0.00118
0.004159
0.0
0.0
0.0
0.00386
0.0
0.0
0.0
0.0
0.001347
0.005051
0.002646
0.002577
0.0
0.0
0.001014
0.0
0.0
0.0
0.0
0.001739
0.0
0.0
0.0
0.0
0.0
0.0
0.002679
0.0
0.0
0.004297
0.0
0.001347
0.0
0.002478
7.31E-4
0.0
0.0
0.0
0.0
0.0
0.0
0.0
0.0
0.0
0.0
0.0
0.002825
0.0
0.0
0.0
0.0
0.002722
0.0
0.0
0.0
0.0
0.0
0.0
0.002904
9.07E-4
0.005498
0.0
0.0
0.0
0.002564
0.0
0.0
0.0
0.0
0.0
0.0
0.0
0.0
0.0
0.0
0.002879
0.002234
0.0
0.0
0.002618
0.0
0.001452
0.0
0.0
0.0
0.0
0.002519
0.001425
0.0
0.0
0.0
0.0
0.0
0.00251
0.001478
0.0
0.002364
0.0
0.0
0.0
0.0
0.001012
0.0
0.0
0.0
0.006711
0.003989
0.0
0.0
0.0
0.001764
8.85E-4
0.0
0.001742
0.001507
0.002569
0.003151
0.0
0.0
0.0
0.0
0.0
0.0
0.0
0.00649
0.0
0.001101
0.0
0.0
0.002679
0.001391
0.0
0.0
0.0
0.001217
0.0
0.0
0.0
0.0
0.0
0.005455
0.0
0.0
0.0
0.004487
0.0
0.0
0.001417
0.005357
0.0
0.0
0.0
0.0
0.0
0.0
0.0
0.0
0.0
0.009017
0.0
0.0
0.0
0.0
0.0
0.0
0.0
0.0
0.005469
0.0
0.0
0.0
0.0
0.0
0.0
0.0
0.0
0.001465
0.0
0.0
0.001256
0.00112
0.0
0.0
0.0
0.001405
0.0
0.0
0.0
0.0
0.0
0.002834
0.0
0.0
0.0
0.0
0.0
0.0
0.0
0.0
0.0
0.0
0.0
0.002844
0.002033
0.0
0.0
0.0
0.002564
0.0
0.002559
0.0
0.001496
0.0
0.0
0.003069
0.0
0.0
0.0
0.0
0.002674
0.004009
9.11E-4
0.0
0.0
0.0
0.0032
0.0
0.0
0.0
0.0
0.0
0.0
0.0
0.0
0.0
0.002604
0.00242
0.003795
0.0
0.00103
0.002606
0.0
0.001715
0.001163
0.003509
0.0
0.003835
0.0
0.0
0.0
0.0
0.0
0.0
0.0
7.21E-4
0.0
0.0
0.00303
0.002254
0.0
0.004802
0.002982
8.73E-4
0.0
0.002136
0.0
0.0
0.0
0.002929
0.0
0.00248
0.002136
0.002717
0.0
0.0
0.0
0.0
0.001434
0.0
0.0
0.0
0.0
0.0
0.0
0.0
0.0
0.0
0.0
0.001523
0.0
0.001147
0.003791
0.002515
0.0
0.002703
0.001212
0.003842
0.0
0.0
0.0
0.0
0.0
0.0
0.0
0.0
0.002914
0.0
0.0
0.0
0.002924
0.0
0.0
0.0
0.001199
0.0
0.0
0.0
0.001371
0.0
0.001159
0.002674
0.002055
0.0
0.0
0.0
0.0
0.001136
0.0
0.001401
0.0
0.0
0.0
0.0
0.0
0.0
0.0
0.0
0.0
0.0
0.002534
0.0
0.002591
0.0
0.002939
0.006836
0.0
0.0
0.002884
0.0
0.0
0.004152
0.002519
0.0
0.0
0.0
0.0
0.0
0.00389
0.004321
0.0
0.008847
0.0
0.00118
0.005272
0.0
0.002679
0.0
0.0
0.0
0.0
0.0
0.0
0.0
0.0
0.0
0.002987
0.002768
9.8E-4
0.0
0.0
0.0
0.0
0.0
0.0
0.002506
0.0
0.0
0.004108
0.0
0.0
0.0
0.0
0.0
0.0
0.0
0.0
0.0
0.0
0.0
0.0
0.0
0.0
0.0
0.0
0.0
0.0
0.0
0.0
0.00148
0.0
0.0
0.0
0.0
0.0
0.002546
0.0
0.0
0.003121
0.0
0.0
0.0
0.0
0.0
0.0
0.0
0.0
0.0
0.002547
0.0
0.0
0.0
0.0
0.0
0.0
0.0
0.002609
0.0
0.0
0.0
0.002869
0.0
0.0
0.0
0.0
0.004044
0.003904
0.0
0.0
0.007993
0.003626
0.001277
0.0
0.0
0.004117
0.0
0.0
0.0
0.004101
0.002992
0.0
0.0
0.002394
0.0
0.0
0.0
0.0
0.005079
0.0
0.0
0.0
0.0
0.0
0.0
0.0
0.0
0.0
0.0
0.0
0.0
0.0
0.0
0.0
0.0
0.0
0.0
0.006518
0.0
0.001333
0.0
0.0
0.001049
0.0
0.0
0.0
0.0
0.0
0.0
0.0
0.0
0.0
0.0
0.0
0.0
0.0
0.0
0.0
0.0
0.003025
0.0
0.0
0.0
0.0
0.0
0.0
0.0
0.002604
0.0
0.0
0.0
0.0
0.0
0.002787
0.0
0.0
0.0
0.0
0.0
0.002534
0.0
0.002844
0.0
0.004197
0.00413
0.0
0.002583
0.0
0.0
0.0
0.002373
0.0
0.0
0.002443
0.00117
0.003862
0.0
0.0
0.0
0.002595
0.0
0.0
0.0
0.00266
0.001439
0.0
0.003897
0.0
0.0
0.0
0.002515
0.003187
7.6E-4
0.0
0.0
0.0
0.006981
0.003462
0.0
0.0
0.0
0.0
0.0
0.0
0.0
0.0
0.0
5.39E-4
0.001036
0.0
0.0
0.0
0.0
0.0
0.0
0.0
0.0
0.002323
0.0
0.0
0.0
0.002546
0.0
0.0
0.0
0.0
0.003982
0.0
0.0
0.0
0.0
0.0
0.0
0.0
0.0
0.0
0.0
0.002283
0.0026
0.0
0.0
0.0
0.0
0.00266
0.002493
0.0
0.0
6.51E-4
0.0
0.0
0.0
0.009148
0.002156
0.0
0.0
0.0
0.0
0.0
0.0
0.0
0.0
0.0
0.0
0.0
0.0
0.0
0.0
0.0
0.0
0.0
0.004204
0.005291
0.0
0.0
0.008291
0.0
0.0
0.0
0.0
0.0
0.0
0.0
0.0
0.0
0.0
0.0
0.0
0.0
0.007945
0.001821
0.0
0.001401
0.0
0.0
0.0
0.0
0.0
0.001105
0.0
0.002573
0.0
0.003755
0.0
0.0
0.003019
0.001093
0.0
0.0
0.0
0.0
0.0
0.0
0.0
0.002264
0.0
0.0
0.0
0.0
0.0
0.0
0.0
0.003425
0.004428
0.0
0.0
0.0
0.002521
0.0
0.0
0.0
0.0
0.0
0.005189
0.002627
0.0
0.0
0.0
0.0
0.0
0.0
0.0
0.001343
0.0
0.0
0.0
0.0
0.0
0.001512
0.0
0.0
0.004258
0.0
9.12E-4
0.0
0.0
0.002459
0.0
0.0
0.0
0.002546
0.0
0.003955
0.0
0.005458
0.0
8.67E-4
0.0
0.0
0.0
0.0
0.0
0.004159
0.002258
0.0
0.0
0.0
0.0
0.0
0.002049
0.0
0.002463
0.0
0.0
0.0
0.0
0.0
0.00213
0.0
0.0
0.0
7.84E-4
0.0
0.001472
0.0
0.003565
0.003502
0.0
0.0
0.0
0.0
0.0
0.0
0.001257
0.0
0.0
0.0
0.0026
0.0
0.0
0.0
0.0
0.0
0.0
0.0
0.0
0.0
0.0
0.0
0.0
7.6E-4
0.003025
0.0
0.003962
0.0
0.0
0.0
0.00531
0.001313
0.0
0.0
0.004122
0.0
0.0
0.0
0.0
0.004608
0.002597
0.0
0.0
0.0
0.0
0.003608
0.0
0.0
0.0
0.002604
0.0
0.0
0.0
0.001391
0.004174
0.00135
0.0
0.001269
0.0
0.0
0.0
0.0
0.0
0.0
0.0
0.0
0.0
0.002616
0.0
0.00296
0.0
0.0
0.0
0.0
0.0
0.0
0.001045
0.0
0.0
0.004038
0.0
0.0
0.00142
0.0
0.003008
0.0
0.0
0.0
0.0
0.002793
0.0
7.84E-4
0.0
0.0
0.003621
0.0
0.0
0.0
0.0
0.0
0.0
0.002542
0.002065
0.0
0.0
0.003832
0.004182
0.002094
0.0
0.0
0.0
0.0
0.0
0.0
0.0
0.0
0.0
0.0
0.002604
0.0
0.0
0.0
0.00373
0.0
0.0
0.0
0.0
0.0
0.0
0.0
0.0
0.0
0.002664
0.0
0.0
0.0
0.0
0.0
0.001033
0.0
0.0
0.0
0.0
0.0
0.0
0.003904
0.001056
0.0
0.0
0.0
0.001462
0.0
0.0
0.0
0.0
0.002604
0.0
0.0
0.002641
0.002762
0.0
0.0
0.0
0.0
0.0
0.001273
0.0
0.0
0.004072
0.0
0.0
0.001459
0.0
0.0
0.0
0.0
0.0
0.005477
0.004892
0.002054
0.001045
0.00353
0.0
0.001138
0.0
0.0
0.0
0.0
0.0
0.001195
0.0
0.0
0.0
0.0
0.0
0.0
0.0
0.002577
0.0
0.0
0.006761
0.0
9.74E-4
0.0
0.0
0.001432
0.0
0.002564
0.0
0.0
0.0
0.0
0.0
0.0
0.0
0.0
0.0
0.0
0.0
0.003883
0.0
0.0
0.0
0.004115
0.0
0.0
0.0
0.0
0.0
0.0
0.0
0.0
0.0
0.001779
0.002218
8.8E-4
0.0
0.0
0.0
0.0
0.0
0.0
0.0
0.0
0.0
0.0
0.002534
0.0
0.0
0.0
0.0
0.0
0.002429
0.002909
0.0
0.0
0.0
0.0
0.002899
0.0
0.0
0.001293
0.0
0.0026
0.0
0.0
0.0
0.0
0.0
0.001255
0.0
0.002632
0.0
0.0
0.0
0.002465
0.0
0.001355
0.0
0.0
0.0
0.0
0.0
0.0
0.00266
0.0
0.0
0.0
0.0
0.0
0.0
0.0
0.0
0.0
0.0
0.0
0.0
0.0
0.0
0.0
0.0
0.002547
0.0
0.0
0.0
0.0
0.0
0.001047
0.003654
0.0
0.0
0.0
0.0
0.002904
0.0
0.0
0.0
0.003518
0.0
0.0
0.0
7.56E-4
0.0
0.0
0.002641
0.0
0.005102
0.002825
0.0
0.0
0.0
0.0
0.0
0.001219
0.0
0.0
0.0
0.004094
0.001401
0.0
0.0
0.0
0.0
0.001532
0.0
0.0
0.0
0.0
0.0
0.0
0.0
0.003333
0.0
0.002768
0.002578
0.002523
0.0
0.0
0.0
0.0
0.001751
0.0
0.0
0.0
0.0
0.0
0.002834
0.0
0.003869
0.0
0.00236
0.0
0.0
0.0
0.0
0.0
0.0
0.0
0.0
0.0
0.0
0.0
0.001549
0.002934
0.0
0.0
0.0
0.0
0.003781
0.0
0.0
0.0
0.0
0.0
0.0
0.0
0.0
0.0
0.0
0.0
0.0
0.0
0.002613
0.003828
0.0
0.0
0.0
0.00283
0.0
0.0
0.0
0.0
0.0
0.0
0.0
0.0
0.002184
0.0
0.0
0.0
0.0
0.0
0.0
0.002693
0.00403
0.0
0.0
0.002315
0.002945
0.0
0.0
0.0
0.0
0.0
0.001642
0.001053
0.0
0.0
0.002982
0.0
0.0
0.0
0.0
0.0
0.0
0.0
0.0
0.0
0.0
0.002611
0.0
0.0
0.0
0.0
0.0
0.0
0.0
0.0
0.0
0.002869
0.001412
0.0
0.0
0.0
0.0
0.0
0.0
0.0
0.0
0.002655
0.001356
0.001031
0.0
0.0
0.0
0.0
0.0
0.0
0.0
0.0
0.0
0.0
0.0
0.0
0.0
0.0
0.0
0.0
0.0
0.003685
0.0
0.0
0.0
0.0
0.0
0.005245
0.0
0.004137
0.0
0.0
0.0
0.0
0.0
0.004219
0.0
0.0
0.0
0.0
0.0
0.0
0.0
0.0
0.0
0.0
0.0
0.0
0.0
0.0
0.0
0.0
0.0
0.0
0.001873
0.0
0.00266
0.0
0.0
0.0
0.0
0.0
0.0
0.0
0.0
0.0
0.002368
0.0
0.0
0.001808
0.0
0.002184
0.0
0.0
0.0
0.0
0.0
0.0
0.003855
0.0
0.0
0.0
0.0
0.0
0.0
0.0
0.0
0.0
0.005319
0.0
0.002595
0.0
0.0
0.0
0.0
0.0
0.001427
0.0
0.0
0.0
0.00266
0.002688
0.0
0.0
0.0
0.0
0.0
0.0
0.0
0.0
0.0
0.0
0.0
0.0
0.0
0.002612
0.0
0.0
0.0
0.0
0.0
0.0
0.0
0.0
0.001472
0.0
0.0
0.0
0.002708
0.0
0.004678
0.0
0.0
0.0
0.0
0.0
0.0
0.0
0.0
0.0
0.0
0.0
0.0
0.004037
0.0
0.0
0.0
0.00425
0.0
0.004144
0.00251
0.00251
0.005217
0.003633
0.0
0.003181
0.0
0.0
0.002532
0.005272
0.0
0.002924
0.0
0.0
0.001442
0.0
0.0
0.004094
0.0
0.0
0.0
0.0
0.0
0.0
0.0
0.0
0.0
0.0
0.0
0.0
0.0
0.0
0.0
0.0
0.0
0.0
5.7E-4
0.0
0.001384
0.0
0.0
0.0
0.0
0.0
0.0
0.0
0.0
0.0
0.0
0.00296
0.0
0.0
0.0
0.0
0.0
0.0
0.0
0.0
0.003697
0.002914
0.001375
0.0
0.00221
0.0
0.0
0.00265
0.0
0.0
0.0
0.0
0.005285
0.0
0.005322
0.0
0.0
0.0
0.0
0.0
0.0
0.0
0.002429
0.0
0.002394
0.0
0.0
0.0
0.0
0.0
0.0
0.002613
0.0
0.0
0.0
0.0
0.0
0.0
0.0
0.002689
0.0
0.0
0.0
0.004305
0.0
0.002523
0.0
0.0
0.0
0.0
0.0
0.0
0.0
0.0
0.0
0.0
0.001425
0.0
0.0
0.001754
0.0
0.0
0.003613
0.00256
0.001093
0.0
0.0
0.0
0.0
0.004188
0.003808
0.0
0.0
0.0
0.005348
0.003763
0.0
0.002955
0.003019
0.0
0.0
0.0
0.0
0.003003
0.0
0.0
0.0
0.005357
0.004167
0.001007
0.0
0.0
0.0
0.001022
0.0
0.0
0.0
0.0
0.0
0.0
0.0
0.0
0.0
0.00282
0.0
0.002722
0.0
0.002849
0.0
0.0
0.0
0.0
0.0
0.0
0.0
0.0
0.0
0.0
0.002139
0.003804
0.0
0.0
0.0
0.0
0.0
0.0
0.002402
0.0
0.0
0.001504
0.0
0.0
0.0
0.0
0.0
0.0
0.0
0.0
0.0
0.002476
0.0
0.001712
0.0
0.0
0.0
0.0
0.001182
0.0
0.0
0.0
0.0
0.0
0.0
0.0
0.0
0.0
0.002869
0.0
0.003775
0.0
0.0
0.0
0.0
0.0
0.0
0.0
0.0
0.002573
0.0
0.003848
0.0
0.0
0.002646
0.002693
0.0
0.0
0.0
0.0
0.0
0.0
0.0
0.0
0.0
0.0
0.0
0.0
0.0
0.0
0.002929
0.0
0.0
0.004002
0.0
0.0
0.001066
0.002755
0.002773
0.001764
0.0
0.0
0.0
0.0
0.002604
0.0
0.0
0.0
0.005128
0.0
0.0
0.0
0.0
0.0
0.0
0.0
0.002203
0.004101
0.0
0.0
0.0
0.0
0.0
0.005056
0.0
0.0
0.0
0.0
0.0
0.0
0.0
0.0
0.0
0.0
0.0
0.004219
0.0
0.0
0.0
0.002966
0.0
0.0
0.0
0.0
0.0
0.0
0.0
0.001391
0.0
0.0
0.0
0.0
0.002471
0.0
0.0
0.001128
0.0
0.0
0.0
0.0
0.0
0.002939
0.0
0.0
0.0
0.0
0.0
0.0
0.0
0.0
0.0
0.0
0.0
0.0
0.0
0.0
0.0
0.0
0.0
0.0
0.0
0.0
0.0
0.002234
0.0
0.0
0.0
0.0
0.0
0.0
0.0
0.002128
0.0
0.0
0.0
0.0
8.86E-4
0.0
0.0
0.002307
0.0
0.0
0.0
0.0
0.0
0.0
0.0
0.0
0.0
0.0
0.003869
0.0
0.0
0.0
0.002537
0.002914
0.0
0.0
0.0
0.0
0.0
0.0
0.003848
0.0
0.0
0.007759
0.0
0.0
0.0
0.0
0.0
0.0
0.0
0.0
0.0
0.0
0.006519
0.001394
0.0
0.0
0.0
0.0
0.0
0.0
0.0
0.0
0.0
0.0
0.0
0.0
0.0
0.001124
0.0
0.001166
0.0
0.00225
0.0
0.0
0.002674
0.0
0.0
0.0
0.003998
0.0
0.0
6.5E-4
0.0
0.0
0.0
0.0
0.0
0.0
0.0
0.001329
0.0
0.0
0.0
0.0
0.0
0.0
0.0
0.0
0.0
0.0
0.0
0.002377
0.0
0.0
0.0
0.004131
0.001221
0.0
0.001068
0.0
0.0
0.0
0.0
0.002806
0.0
0.0
0.0
0.0
0.0
0.002632
9.64E-4
0.0
0.0
0.001083
0.0
0.0
0.0
0.0
0.0
0.00283
0.0
0.0
0.002528
0.0
9.2E-4
0.00253
9.79E-4
0.001412
0.004189
0.0
0.0
0.0
0.0
0.002573
0.0
0.0
0.0
0.0
0.0
0.0
0.0
0.0
0.0
0.0
0.002506
0.0
0.001786
0.0
0.0
0.00425
0.001727
0.0
0.0
0.0
0.0
0.0
0.0
0.0
0.002854
0.002176
0.0
0.0
0.0
0.003704
0.0
0.0
0.0
0.0
0.0
0.0
0.004227
0.002555
0.0
0.0
0.0
0.0
0.0
0.0
0.0
0.0
0.0
0.0
0.0
0.00949
0.004009
0.0
0.0
0.003541
0.0
0.0
0.0
0.0
0.0
0.0
0.0
0.002508
0.0
0.0
0.0
0.0
0.0
0.0
0.003216
0.0
0.002971
0.0
0.0
0.0
0.0
0.0
0.0
0.0
0.0
0.0
0.0
0.0
0.0
0.0
0.001733
0.0
0.003729
0.0
0.0
0.001014
0.002939
0.0
0.003678
0.00405
0.0
0.0
0.0
0.001071
0.002636
0.0
0.0
0.0
0.0
0.0
0.0
0.0
0.003795
0.0
0.0
0.0
0.0
0.0
0.0
0.004313
0.0
0.0
0.0
0.002641
0.0
0.0
0.002966
0.0
0.0
0.0
0.0
0.0
0.0
0.0
0.005425
0.002717
0.0
0.0
0.0
0.0
0.004212
0.0
0.0
0.0
0.0
0.0
0.003277
0.0
0.0
0.003925
0.0
0.0
0.0
0.0
0.0
0.0
0.003788
0.0
0.0
0.001203
0.0
0.0
0.00491
0.002998
0.0
0.0
0.0
0.0
0.004404
0.0
0.0
0.001507
0.0
0.0
0.0
0.0
0.0
0.0
0.0
0.004182
0.0
0.0
0.0
0.0
0.0
0.0
0.0
0.0
0.0
0.0
0.005093
0.0
0.0
0.003652
0.0
0.0
0.0
0.0
0.0
0.002112
0.0
0.002768
0.0
0.0
0.004119
0.0
0.0
0.001472
0.0
0.0
0.001019
0.0
0.0
0.006316
0.002914
0.0
0.0
0.0
0.002537
0.0
0.006826
0.0
0.0
0.0
0.0
0.0
0.0
0.002357
0.0
0.0
0.0
0.0
0.0
0.0
0.0
0.0
0.003867
0.0
0.0
0.0
0.0
0.0
0.0
0.0
0.0
0.0
0.0
0.0
0.0
0.001452
0.001825
0.0
0.0
0.001488
0.0
0.0
0.0
0.0
0.0
0.0
0.0
0.002254
0.001201
0.0
0.0
0.0
0.0
0.0
0.0
0.0
0.0
0.002976
0.001087
0.004108
0.0
0.002162
0.0
0.0
0.0
0.00148
0.0
0.001195
0.0
0.0
0.001212
0.0
0.0
0.0
0.0
0.0
0.0
0.0
0.0
0.001998
0.0
0.0
0.0
0.003848
0.0
0.0
0.0
0.0
0.0
0.0
0.0
0.0
0.0
0.003602
0.0022
0.0
0.0
0.0
0.0
0.002528
0.004392
0.0
0.002834
0.0
0.0
0.0
0.0
0.002609
0.002966
0.0
0.0
0.0
0.0
0.005575
0.0
0.0
0.00431
0.0
0.0
0.001374
0.0
0.0
0.0
0.0
0.0
0.0
0.0
0.0
0.001412
0.0
0.0
0.0
0.0
9.19E-4
0.0
0.006421
0.001724
0.0
0.0
0.0
0.0
0.0
0.0
0.0
0.0
0.0
0.0
0.0
0.0
0.00117
0.0
0.001681
0.0
0.0
0.002939
0.0
0.0
0.0
0.0
0.0
0.0
0.0
0.0
0.0
0.0
0.0
9.56E-4
0.0
0.0
0.0
0.0
0.001764
0.004197
0.0
0.004079
0.0
0.0
0.0
0.0
0.0
0.0
0.0
0.0
0.0
0.002966
0.0
0.0
0.0
0.0
0.0
0.0
0.0
0.001754
0.0
0.00266
0.0
0.0
0.0
0.0
0.0
0.0
0.0
0.0
0.0
0.0
0.003821
0.0
0.001733
0.0
0.0
0.0
0.0
0.0
0.0
0.003659
0.0
0.001396
0.0
0.0
0.001188
0.0
0.0
0.0
0.0
0.0
0.002199
0.0
0.0
0.0
0.0
0.0
0.0
0.0
0.0
0.0
0.0
0.0
0.0
0.006228
0.0
0.0
0.0
0.0
0.0
0.0
0.00395
0.003989
0.0
0.002627
0.001043
0.0
0.0
0.0
0.0
0.0
0.0
0.0
0.0
0.0
0.0
0.0
9.42E-4
0.002568
0.0
0.0
0.00697
0.00104
0.0
0.0
0.0
0.0
0.0
0.0
0.0
0.0
0.0
0.0
0.007105
0.007256
0.002295
0.0
0.002924
0.0
0.0
0.0
0.0
0.0
0.002011
0.0
0.00177
0.0
0.00531
0.0
0.0
0.0
0.002899
0.001526
0.001415
0.002645
0.0
0.0
0.001178
0.0
0.001478
0.0
0.0
0.0
0.0
0.002422
0.0
0.0
0.002914
0.0
0.0
0.0
0.0
0.0
0.0
0.0
0.0
0.0
0.0
0.002899
0.0
0.00403
0.0
0.0
0.004051
0.0
0.0
0.0
0.0
0.0
0.0
0.0
6.41E-4
0.0
0.0
0.0
0.0
0.0
0.002591
0.0
0.0
0.0
0.0
0.004144
0.0
0.001491
0.0
0.0
0.0
0.0
0.0
0.0
0.0
0.0
0.0
0.002815
0.0
0.0
0.003547
0.0
0.0
0.0
0.0
0.0
0.002688
0.003003
0.002569
0.0
0.0
0.0
0.0
0.002501
0.0
0.0
0.0
0.004137
0.0
0.0
0.0
0.00349
0.0
0.0
0.0
0.002343
0.002046
0.0
0.001692
0.0
0.0
0.0
0.0
0.0
0.0
0.0
0.0
0.001111
0.003613
0.004986
0.0
0.00413
0.0
0.002869
0.001239
0.0
0.0
0.0
0.0
7.77E-4
0.002532
0.0
0.0
0.00265
0.0
0.001835
0.0
0.0
0.004197
0.0
0.003904
0.002433
0.0
0.0
0.0
0.0
0.002591
0.0
0.0
0.0
0.002274
0.0
0.0
0.0
0.0
0.002987
0.001415
0.0
0.0
0.0
0.0
0.0
0.0
0.0
0.002433
0.0
0.0
0.002859
0.0
0.0
0.0
0.002971
0.0
0.0
0.0
0.0
0.0
0.0
0.0
0.00402
0.0
0.0
0.007352
0.0
0.001104
0.0
0.0
0.0
0.002613
0.0
0.0
0.0
0.0
0.0
0.002188
0.004072
0.0
0.0
0.0
0.0
0.0
0.0
0.0
0.001459
0.0
0.001188
0.0
0.0
0.0
8.62E-4
0.0
0.0
0.0
0.0
0.0
0.0
0.0
0.0
0.006809
0.0
0.0
0.0
0.0
0.0
0.0
0.0
0.002578
0.0
0.0
0.002641
0.003897
0.0
0.00545
0.001499
0.0
0.0
0.006072
0.0
0.0
0.0
0.0
0.0
0.002595
0.0
0.004009
0.004266
0.0
0.0
0.0
0.0
0.0
0.0
0.0
0.0
0.002768
0.0
0.002659
0.0
0.0
0.00256
0.0
6.63E-4
0.0
0.002914
0.0
0.0
0.0
0.0
0.0
0.0
0.0
0.0
0.0
0.0
0.0
0.0
9.42E-4
0.0
0.001799
0.0
0.0
0.006039
0.0
0.0
0.0
0.005695
0.002627
0.0
0.002316
0.0
0.0
0.0
0.0
0.0
0.0
0.0
0.0
0.004266
0.0
0.0
0.0
0.0
0.002727
0.0
0.0
0.005155
0.0
0.0
0.0
0.0
0.002929
0.0
0.0
0.001452
0.0
0.004289
0.0
0.003019
0.0
0.0
0.0
0.0
0.0
0.0
0.0
0.002339
0.0
0.0
0.0
0.0
0.0
0.0
0.0
0.0
0.0
0.0
0.0
0.0
0.0
0.0
0.0
0.0
0.0
0.0
0.0
0.0
0.0
0.002195
0.0
0.0
0.0
0.0
0.0
0.0
0.0
0.002669
0.0
0.0
0.0
0.0
0.0
0.0
0.0
0.0
0.003862
0.0
0.0
0.0
0.004754
0.0
0.0025
0.0
0.0
0.0
0.0
0.00256
0.0
0.0
0.0
0.002894
0.0
0.0
0.0
0.0
0.0
0.0
0.0
0.0
0.002627
0.0
0.0
0.0
0.0
0.0
0.001262
0.0
0.0
0.0
0.0
0.0
0.0
0.004143
0.0
0.0
0.0
0.0
0.0
0.0
0.0
0.0
0.0
0.0
0.0
0.0
0.00275
0.0
0.0
0.0
0.0
0.0
0.0
0.0
0.0
0.0
0.0
0.0
0.0
0.001415
0.0
0.0
0.0
0.0
0.0
0.003842
0.0
0.002879
0.0
0.0
0.001087
0.002655
0.0
0.0
0.0
0.0
0.0
0.0
0.0
0.0
0.001176
0.0
0.0
0.0
0.0
0.0
0.0
0.0
0.0
0.0
0.0
0.0
0.0
0.0
0.0
0.0
0.0
0.0
0.0
0.002909
0.0
0.0
0.0
0.0
0.0
0.0
0.003975
0.001066
0.001149
0.0
0.003041
0.001727
0.0
0.0
0.0
0.002124
0.0
0.0
0.0
0.0
0.0
0.0
0.0
0.0
0.0
0.0
0.0
0.0
0.0
0.0
0.0
0.0
0.0
0.0
0.0
0.002559
0.001087
0.0
0.0
0.0
0.0
8.94E-4
0.0
0.0
0.002165
0.0
0.0
0.0
0.003736
0.0
0.0
0.0
0.0
0.0
0.0
0.0
0.0
0.0
0.0
0.001022
0.0
0.0
0.003995
0.0
0.0
0.0
0.0
0.0
0.0
0.0
0.0
0.0
0.0
0.002945
0.00531
0.0
0.0
0.0
0.0
0.001097
0.0
0.0
0.003918
0.004023
0.0
0.002889
0.0
0.0
0.0
0.0
0.0
0.002587
0.0
0.002438
0.0
0.006553
0.002266
0.0
0.0
0.0
0.0
0.0
0.003008
0.0
0.0
0.0
0.0
0.0
0.0
0.0
0.0
0.0
0.0
0.003911
0.0
0.0
0.0
0.0
0.004258
0.0
0.0
0.0
0.0
0.0
0.0
0.0
0.0
0.0
8.56E-4
0.0
0.0
0.0
0.0
0.0
0.001401
0.0
0.001704
0.0
0.0
0.0
0.0
0.0
7.39E-4
0.002622
0.0
0.003552
0.0
0.0
0.0
0.0
0.0
0.0
0.0
0.0
0.0
0.0
0.0
0.0
0.001475
0.0
0.0
0.00142
0.0
0.0
0.002955
0.0
0.0
0.0
0.004152
0.0
0.001163
0.0
0.0
0.0
0.0
0.0
0.0
0.00425
0.0
0.0
0.003932
0.0
0.0
0.0
0.0
0.0
0.0
0.0
0.0
0.002844
0.0
0.0
0.00296
0.0
0.0
0.0
0.0
0.0
0.005065
0.0
0.0
0.00826
0.0
0.0
0.0
0.0
0.0
0.0
0.0
0.0
0.003941
0.0
0.0
0.0
0.003132
0.0
0.0
0.0
0.0
0.0
0.0
0.0
0.0
0.0
0.0
0.0
0.0
0.0
0.0
0.0
0.002683
0.003954
0.0
0.0
0.0
0.009769
0.001081
0.0
0.0
0.003995
0.0
0.0
0.0
0.001323
0.0
0.0
0.0
0.003274
0.001297
0.004144
0.001346
0.0
0.002693
0.0
0.0
0.0
0.001718
0.0
0.0
0.0
0.0
0.0
0.0
0.002889
0.0
0.003989
0.0
0.0
0.0
0.004005
0.0
0.0
0.0
0.00669
0.0
0.0
0.0
0.0
0.0
0.0
0.002955
0.0
0.0
0.0
0.0
0.00106
0.0
0.0
0.0
0.0
0.0
0.0
0.003869
0.0
0.0
0.001343
0.0
0.0
0.0
0.0
0.0
0.0
0.0
0.0
0.0
0.0
0.0
0.0
0.002191
0.0
0.0
0.0
0.004378
0.0
0.0
0.0
0.005714
0.0
0.0
0.0
0.0
0.001246
0.0
0.0
0.0
0.001606
0.002899
0.0
0.0
0.0
0.0
9.28E-4
0.0
0.0
0.010796
0.0
0.0
0.0
0.002698
0.00394
0.0
0.0
0.0
0.0
0.0
0.002119
0.0
0.003855
0.0
0.0
0.0
0.0
0.001704
0.0
0.0
0.0
0.001313
0.0
0.0
0.003578
0.0
0.0
0.0
0.0
0.00438
0.0
0.0
0.0
0.0
0.0
0.0
0.003976
0.0
0.0
0.0
0.0
0.0
0.001452
0.0
0.003629
0.00507
0.002636
0.0
0.0
0.0
0.0
0.0
0.0
0.0
0.0
0.00283
0.0
0.0
0.0
0.00255
0.0
0.0
0.0
0.0
0.0
0.0
0.0
0.001168
0.004091
0.0
0.0
0.0
0.002609
0.002591
0.002587
0.0
0.0
0.0
0.0
0.0
0.0
0.003578
0.0
0.0
0.0
0.008094
0.002418
0.0
0.003842
0.0
0.0
0.0
0.0
0.0
0.006464
0.0
0.0
0.003723
0.002307
0.0
0.001808
0.0
0.0
0.0
0.0
0.0
0.0
0.0
0.0
0.0
0.002456
0.0
0.0
0.0
0.0
0.0
0.0
0.0
0.0
0.0
0.0
0.0
0.0
0.001153
0.0
0.0
0.0
0.0
0.0
9.91E-4
0.0
0.002609
0.003781
0.0
0.0
0.0
0.002577
0.0
0.0
0.0
0.0
0.0
0.001429
0.0
0.002496
0.002767
0.0
0.0
0.0
0.0
0.0
0.0
0.0
0.0
0.0
0.0
0.0
0.0026
0.0
0.0
0.0
0.0
0.0
0.0
0.0
0.0
0.0
0.0
0.001727
0.0
0.0
0.0
0.0
0.0
0.0
0.0
0.002762
0.002792
0.0
0.002854
0.0
0.0
0.0
0.0
0.0
0.0
0.0
0.004151
0.0
0.0
0.0
0.003053
0.0
0.00295
0.0
0.0
0.0
0.0
0.0
0.0
0.0
0.002669
0.0
0.0
0.0
0.0
0.0
0.0
0.0
0.0
0.0
0.0
0.0
0.006562
0.0
0.0
0.0
0.0
0.0
0.002934
0.003509
0.0053
0.0
0.0
0.002641
0.0
0.0
0.0
0.002364
0.0
0.0
0.0
0.0
0.005164
0.0
0.003975
0.001082
0.0
0.0
0.0
0.0
0.0
0.0
0.0
0.0
0.0
0.002945
0.0
0.0
0.0
0.0
0.007902
0.0
0.003605
0.0
0.001779
0.0
0.0
0.0
0.0
0.0
0.0
0.003565
0.0
0.001532
0.0
0.0
0.0
0.0
0.001138
0.0
0.0
0.004137
0.0
0.0
0.001821
0.0
0.0
0.0
0.0
0.0
8.31E-4
0.0
0.002577
0.0
0.0
0.0
0.0
0.0
0.003961
0.0
0.002434
0.0
0.001386
0.0
0.0
0.0
0.0
0.002987
0.002195
0.0
0.0
0.00118
0.0
0.0
0.007246
0.005747
0.0
0.0
0.003808
0.0
0.002801
0.0
0.003717
0.0
0.0
0.0
0.003086
0.0
0.0
0.0
0.0
0.0
0.0
0.002703
0.0
0.0
0.0
0.0
0.0
0.0
0.0
0.0
0.0
0.0
0.0
0.0
0.0
0.0
0.0
0.0
0.0
0.0
0.004159
0.0
0.0
0.0
0.0
0.0
0.0
0.0
0.0
0.0
0.0
0.001444
0.0
0.0
0.001715
0.0
0.0
0.0
0.0
0.0
0.0
8.98E-4
0.0
0.0
0.0
0.0
0.00177
0.0
0.00141
0.0
0.0
0.0
0.0
0.004258
0.0
0.001692
0.0
0.0
0.0
0.0
0.0
0.0
0.0
0.00373
0.00413
0.0
0.0
0.0
0.0
0.0
0.001249
0.002488
0.0
0.0
0.0
0.0
0.0
0.0
0.0
0.0
0.0
0.003882
0.002683
0.0
0.002356
0.0
0.001068
0.0
0.0
0.0
0.0
0.0
0.0
0.003813
7.85E-4
0.003069
0.0
0.0
0.00256
0.0
0.0
0.0
0.002352
0.0
0.0
0.0
0.0
0.003567
0.0
0.002452
0.0
0.002712
0.002582
0.0
0.0
0.00265
0.0
0.0
0.0
0.0
0.0
0.0
0.0
0.0
0.0
0.0
0.0
0.0
0.00295
0.001113
0.0
0.0
0.0
0.007476
0.0
0.0
0.0
0.0
0.0
0.0
0.0
0.0
0.0
0.0
0.0
0.0
0.002343
0.0
0.0
0.0
0.0
0.001338
0.0
0.0
0.0
0.0
0.001491
0.0
0.0
0.0
0.0
0.0
0.0
0.0
0.0
0.0
0.0
0.0
0.0
0.0
0.0
0.002924
0.0
0.0
0.002331
0.0
0.0
0.002971
0.0
0.0
0.0
0.0
0.001161
0.0
0.0
0.0
0.0
0.0
0.003982
0.0
0.0
0.0
0.0
0.002604
0.0
0.0
0.0
0.0
0.0
0.0
7.13E-4
0.0
0.0
0.0
0.0
0.001439
0.0
0.0
0.0
0.0
0.0
0.0
0.0
0.001278
0.001437
0.0
0.0
0.001026
0.0
0.0
0.0
0.0
0.0
0.0
0.001338
0.0
0.002065
0.0
0.0
0.0
0.001219
0.0
0.0
0.002497
0.0
0.0
0.001374
0.007922
0.0
0.001447
0.0
0.0
0.0
0.0
0.0
0.0
0.0
0.0
0.0
0.0
0.0
0.0
0.0
0.0
0.0
0.0
0.001051
0.0
0.0038
0.0
6.97E-4
0.0
0.0
0.0
0.0
0.001718
0.0
0.0
0.002478
0.0
0.002328
0.0
0.00283
0.0
0.002914
0.0
0.0
0.0
0.0
0.0
0.0
0.0
0.0
0.0
0.0
0.0
0.002376
0.0
0.0
0.0
0.001199
0.0
0.0
0.0
0.002463
0.002211
0.0
0.002632
0.0
0.0
0.0
0.0
0.0
0.0
0.0
0.002924
0.0
0.0
0.002471
0.0
0.0
0.0
0.0
0.0
0.001485
0.0
0.0
0.0
0.0
0.0
0.0
0.001432
0.0
0.0
0.0
0.0
0.002377
6.08E-4
0.00244
0.0
0.0
0.0
0.001168
0.0
0.0
0.0
0.0
0.0
0.0
0.006957
0.0
0.0
0.0
0.0
0.0
0.0
0.0
0.0
0.0
0.004914
0.0
0.0
0.0
0.0
0.001491
0.0
0.002347
0.0
0.0
0.0
0.0
0.0
0.004009
0.007988
0.0
0.0
0.003775
0.0
0.0
0.0
0.0
0.0
0.0
0.0
0.0
0.002532
0.0
0.0
0.0
0.0
0.0
0.0
0.0
0.0
0.0
0.0
0.0
0.0
0.0
0.0
0.0
0.0
0.002439
0.0
0.0
0.0
0.0
0.0
0.001014
0.001459
0.002742
0.0
0.0
0.0
0.0
0.0
0.0
0.001437
5.61E-4
0.0
0.0
0.0
0.0
0.0
0.0
0.002484
0.0
0.0
0.0
0.0
0.0
0.0
0.0
0.0
0.0
0.0
0.0
0.0
0.0
0.0
0.0
0.0
0.0
0.0
0.0
0.0
0.0
0.0
0.0
0.0
0.0
0.0
0.0
0.001724
0.001157
0.0
0.0
0.0
0.0
0.0
0.0
0.0
0.0
0.0
0.0
0.0
0.0
0.0
8.96E-4
0.0
0.0
0.0
0.0
0.005199
0.0
0.0
0.003614
0.0
0.003862
0.0
0.0
0.003685
0.0
0.0
0.0
0.002577
0.0
0.0
0.002528
0.0
0.0
0.0
0.0
0.0
0.0
0.004101
0.0
0.0
0.0
0.0
0.0
0.0
0.0
0.0
0.0
0.006734
0.0
0.0
0.0
0.007737
0.0
0.0
0.0
0.0
0.00236
0.0
0.0
0.0
0.00387
0.0
0.002773
0.0
0.0
0.00283
0.002755
0.0
0.0
0.003704
0.0
0.0
0.0
0.0
0.0
0.0
0.001802
0.001742
0.0
0.0
0.003989
0.001005
0.0
0.0
0.002008
0.004448
0.0
0.005526
0.0
0.0
0.001457
0.0
0.0
0.00242
0.0
0.00177
0.0
0.0
0.0
0.0
0.0063
0.0
0.0
0.0
0.0
0.003503
0.0
0.0
0.0
0.001278
0.002568
0.0
0.0
0.004137
0.0
0.0
0.0
0.0
0.0
0.0
0.0
0.0
0.004197
0.004094
0.002679
0.0
0.004242
0.0
0.0
0.001293
0.0
9.79E-4
0.0
0.0
0.0
0.001597
0.0
0.0
0.0
0.00265
0.0
0.0
0.002998
0.004313
0.0
0.001029
0.004094
0.0
0.0
0.0
0.0
0.003821
0.0
0.0
0.002541
0.0
0.0
0.0
0.0
0.0
0.002622
0.0
0.0
0.0
0.0
0.0
0.0
0.0
0.002295
0.0
0.0
0.0
7.59E-4
0.006207
0.0
0.0
0.002899
0.0
0.0
0.0
0.0
0.0
0.002632
0.0
0.0
0.0
0.0
0.001079
0.005963
0.0
0.001444
0.0
0.004144
0.0
0.0
0.0
0.0
8.38E-4
0.003876
0.002929
0.0
0.0
0.002971
0.0
0.0
0.00244
0.0
0.0
0.0
0.0
0.0
0.0
0.0
0.0
0.0
0.0
0.0
0.00402
0.0
0.0
0.0
0.0
0.0
0.0
0.0
0.0
0.002712
0.0
0.0
0.0
0.002295
0.00245
0.0
0.0
0.0
0.0
0.001701
0.0
0.0
0.0
0.0
0.001196
0.0
0.0
0.004313
0.0
0.0
0.0
0.0
0.0
0.0
0.0
0.0
0.0
0.0
0.0
0.0
0.0
0.0
0.0
0.0
0.002583
0.0
0.0
0.0
0.0
0.0
0.0
0.0
0.0
0.0
0.004115
0.004035
0.003842
0.002884
0.0
0.0
0.0
0.0
0.001776
0.001434
0.0
0.0
0.0
0.0
0.0
0.0
0.003672
0.0
0.0
0.0
0.003755
0.0
0.0
8.68E-4
0.004242
0.0
0.0
0.0
0.0
0.0
0.0
0.0
0.001472
0.0
0.006899
0.005789
0.0
0.0
0.0
0.0
0.003545
0.0
0.0
0.0
0.0
0.0
0.0
0.007751
0.0
0.0
0.0
0.0
0.00323
0.0
0.0
0.0
0.0
0.0
0.0
0.0
0.0
0.0
0.0
0.0
0.0
0.0
0.0
0.0
0.0
0.004227
0.0
0.002741
0.0
0.0
0.0
0.0
0.0
0.0
0.0
0.0
0.0
0.0
0.0
0.0
0.0
0.001058
0.0
0.002577
0.0
0.0
0.005484
0.0
0.0
0.0
0.002083
0.0
0.0
0.0
0.0
0.0
0.00265
0.0
0.0
0.0
0.001193
0.0
0.0
0.0
0.0
0.001225
0.0
0.0
0.0
9.69E-4
0.0
0.002564
0.0
0.00303
0.0
0.0
0.0
0.0
0.001399
0.0
0.0
0.0
0.0
0.0
0.004227
0.0
0.0
0.002646
0.0
0.0
0.001155
0.0
0.0
0.0
0.0
0.0
0.001422
0.002839
0.0
0.0
0.0
0.002836
0.0
0.002919
0.003749
0.0
0.005155
0.0
0.004115
0.0
0.0
0.0
0.0
0.0
0.0
0.0
0.002904
0.0
0.0
0.0
0.0
0.0
0.0
0.002759
0.0
0.0
0.002152
0.0
0.0
0.0
0.002436
0.0
0.002176
0.008137
0.0
0.0
0.0
0.0
0.0
0.0
0.0
0.0
0.0
0.0
0.0
0.0
0.0
0.0
0.0
0.0
0.0
0.001382
0.0
0.0
0.003064
0.001174
0.00647
0.0
0.0
0.0
0.0
0.002747
0.0
0.002929
0.0
0.0
0.0
0.0
0.0
0.001452
0.0
0.0
0.0
0.0
0.0
0.0
0.0
0.0
0.0
0.0
0.0
0.0
0.0
0.0
0.0
0.0
0.005405
0.0
0.0
0.0
0.0
0.0
0.0
0.0
0.0
0.0
0.0
0.0
0.0
0.0
0.0
0.0
0.0
0.0
0.0
0.0
0.0
0.004079
0.0
0.0
0.002303
0.0
0.0
0.0
0.0
0.004182
0.0
0.0
0.0
0.0
0.0
0.0
0.0
0.0
0.0
0.004012
0.0
0.0
0.0
0.0
0.0
0.0
0.002534
0.0
0.0
0.0
0.0
0.0
0.0
0.003631
0.0
0.0
0.003652
0.0
0.0
0.0
0.0
0.0
0.002854
0.0
0.0
0.00248
0.0
0.0
0.0
0.0
0.0
0.0
0.0
0.001786
0.0
0.007435
0.0
0.0
0.0
0.0
0.0
5.46E-4
0.0
0.0
0.002564
0.0
0.0
0.0
0.0
0.003911
0.0
0.0
0.0
0.002613
0.0
0.0
0.0
0.002295
0.0
0.0
0.0
0.0
0.0
0.004152
0.001499
0.00201
0.0
0.0
0.002807
0.001496
0.0
0.0
0.0
0.0
0.0
0.0
0.0
0.0
0.0
0.0
0.0
6.48E-4
0.0
0.0
0.0
0.0
0.0
0.0
0.0
0.0
0.0
0.004152
0.0
0.002295
0.0
0.002999
0.0
0.0
0.007644
0.0
0.0
0.001452
0.003003
0.0
0.0
0.0
0.0
0.0
0.0
0.0
0.001454
0.0
0.002493
0.0
0.0
0.0
0.003844
0.0
0.0
0.0
0.0
0.0
0.0
0.0
0.00173
0.0
8.71E-4
0.0
0.0
0.0
0.0
0.0
0.0
0.007018
0.0
0.0
0.0
0.0
0.0
0.0
0.0
0.0
0.002474
0.002303
0.0
0.0
0.003627
0.0
0.0
0.0
0.0
0.00669
0.0
0.0
0.0
0.0
0.0
0.0
0.0
0.0
0.0
0.002894
0.001246
0.0
0.0
0.001313
0.0
0.0
0.004227
0.005464
0.0
0.0
0.0
0.002834
0.0
0.00256
0.001214
0.001212
0.0
0.002385
0.0
0.003671
0.0
0.0
0.001225
0.0
0.0
0.0
0.0
0.001161
0.0
0.0
0.0
0.0
0.003648
0.001751
0.0
0.0
0.002595
0.0
0.0
0.0
0.0
0.0
0.0
0.002971
0.0
0.002515
0.0
0.0
0.0
0.0
0.0
0.0
0.0
0.0
0.0
0.0
0.0
0.0
0.0
0.0
0.0
0.0
0.0
0.0
0.0
0.0
0.0
0.002879
0.0
0.0
0.0
0.0
0.003659
0.0
0.0
0.0
0.0
0.0
0.002337
0.0
0.003777
0.002641
0.004329
0.0
0.0
0.0
0.0
0.003036
0.003902
0.0
0.0
0.001444
0.0
0.0
0.0
0.0
0.0
0.0
0.004002
0.0
0.0
0.002801
0.0
0.0
7.46E-4
0.0
0.0
0.0
0.0
0.0
0.0
0.0
0.0
0.0
0.004321
0.0
0.0
0.004108
0.0
0.0
0.0
0.004242
0.0
0.0
0.0
0.005373
0.0
0.0
0.0
0.0
0.0
0.0
0.001062
0.0
0.0
0.0
0.0
0.002033
0.0
0.0
0.003512
0.001347
0.0
0.0
0.0
0.0
0.0
0.0
0.0
0.0
0.0
8.53E-4
0.0
0.0
0.001124
0.0
0.004101
0.0
0.0
0.0
0.0
0.0
0.005495
0.0
0.0
0.0
0.0
0.002849
0.0
0.0
0.0
0.002385
0.003157
0.0
0.0
0.0
0.0
0.0
0.0
0.0
0.0
0.006815
0.00387
0.0
0.0
0.0
0.0
0.0
0.002597
0.0
0.002102
0.0
0.0
0.0
0.002528
0.0
0.0
0.0
0.0
0.0
0.004086
0.0
0.0
0.0
0.002955
0.0
0.003982
0.0
0.002717
0.0
0.0
0.0
0.0
0.002632
0.0
0.0
0.0
0.0
0.0
0.0
0.0
0.0
0.0
0.0
0.002869
0.0
0.0
0.0
0.0
0.002722
7.41E-4
0.002409
0.0
0.0
0.0
0.009822
0.003003
0.0
0.004258
0.0
0.0
0.0
0.0
0.0
0.0
0.0
0.001343
0.0
0.001504
0.0
0.0
0.0
0.0
0.0
0.0
0.002722
0.0
0.0
0.002664
0.004242
0.0
0.001028
0.0
0.002425
0.0
9.43E-4
0.0
0.0
0.0
0.0
0.0
0.0
0.0
0.0
0.0
0.0
0.0
0.0
0.002211
0.0
0.006464
0.0
0.0
0.0
0.0
0.003842
0.0
0.0
0.002792
0.0
0.003014
0.0
0.001465
0.001507
0.002879
0.0
0.0
0.0
0.0
0.0
0.0
0.0
0.0
0.0
0.0
0.002737
0.0
0.0
0.0
0.0
0.001727
0.003596
0.0
0.0
0.0
0.0
0.002814
0.0
0.002992
0.0
0.002632
0.0
0.0
0.0
0.0
0.0
0.0
0.002914
0.005236
8.58E-4
0.0
0.0
0.002683
0.0
0.0
0.0
0.001045
0.00282
0.0
0.0
0.0
0.0
0.0
0.002143
0.0
0.0
0.0
0.0
0.0
0.0
0.0
0.0
0.003742
0.0
0.0
0.0
0.0
0.0
0.0
0.001842
0.0
0.0
0.0
0.003665
0.0
0.00264
0.002914
0.006459
0.0
0.0
0.0
0.0
0.0
0.0
0.0
0.0
0.0
0.0
0.0
0.0
0.0
0.0
0.0
0.0
0.001307
0.0
0.0
0.0
0.003828
0.0
0.0
0.0
0.0
0.0
0.0
0.0
0.0
0.0
0.0
0.0
0.005665
0.0
0.0
0.001502
0.0
0.0
0.0
0.0
0.0
9.26E-4
0.0
0.0
0.0
0.002568
0.002632
0.002792
0.0
0.0
0.0
0.0
0.0
0.0
0.0
3.71E-4
0.0
0.0
0.0
0.001338
0.0
0.0
0.0
0.0
0.0
0.003863
0.0
0.002586
0.001407
0.0
0.0
0.0
0.0
0.002315
0.0
0.0
0.001472
0.0
0.0
0.0
0.0
0.0
0.0
0.0
0.0
0.0
0.0
0.001432
0.0
0.003801
0.0
0.0
0.0
0.0
0.001678
0.001873
0.002368
0.0
0.0
0.0
0.0
0.002654
0.0
0.002568
0.0
0.0
0.002528
0.0
0.0
0.0
0.0
0.0
0.0
0.0
0.0
0.0
0.0
0.0
0.0
0.0
0.0
0.0
0.0
0.0
0.0
0.0
0.00403
0.0
0.001507
0.004104
0.0
0.0
0.0
0.0
0.0
0.0
0.0
0.002804
0.0
0.0
0.0
0.002528
0.0
0.003008
0.0
0.0
0.0
0.0
0.0
0.0
0.001396
0.0
0.0
0.0
0.002613
0.0
0.0
0.0
0.005415
0.0
0.0
0.0
0.0
0.0
0.0
0.0
0.0
0.0
0.0
0.0
0.002587
0.0
0.0
0.0
0.0
0.001773
0.0
0.0
0.0
0.0
0.0
0.001499
0.0
0.0
0.0
0.0
0.0
0.006762
0.0
0.0
0.002256
0.0
0.0
0.0
0.0
0.0
0.004065
0.0
0.0
0.0
0.0
0.005199
0.001457
0.0
0.0
0.002929
0.0
0.0
0.0
0.0
0.0
0.002971
0.003876
0.0
0.0
0.0
0.0
0.0
0.0
0.0
0.0
0.0
0.0
0.0
0.0
0.0
0.0
0.0
0.0
0.00248
0.0
0.0
0.0
0.0
0.0
0.0
0.003163
0.0
0.0
0.0
0.0
0.0
0.0
0.0
0.0
0.001848
0.0
0.0
0.0
0.0
0.0
0.003855
0.0
0.0
0.002693
