0.002843
0.003035
0.003115
0.002835
0.002958
0.003052
0.003018
0.002878
0.002859
0.00288
0.002768
0.003062
0.002969
0.002925
0.002978
0.003037
0.002849
0.003049
0.002927
0.002988
0.002897
0.002844
0.002998
0.002879
0.003188
0.00301
0.003127
0.003007
0.003101
0.003045
0.002881
0.0029
0.003017
0.003049
0.002935
0.002906
0.002901
0.002899
0.003
0.00295
0.002904
0.00297
0.003009
0.003062
0.002744
0.002898
0.002951
0.002966
0.003118
0.00305
0.002833
0.003045
0.002944
0.002925
0.003023
0.002971
0.002923
0.002995
0.003147
0.002956
0.00296
0.002936
0.002938
0.003282
0.00292
0.002902
0.003007
0.002889
0.003141
0.003065
0.00288
0.002874
0.003037
0.002958
0.003032
0.002958
0.002956
0.002807
0.003026
0.002932
0.002898
0.003111
0.002778
0.002849
0.003105
0.002812
0.003048
0.00316
0.002816
0.00271
0.002885
0.002972
0.002886
0.003028
0.002889
0.002797
0.00308
0.002927
0.003042
0.002983
0.003071
0.00296
0.003051
0.002778
0.003017
0.003167
0.003109
0.002853
0.002902
0.002859
0.00298
0.002828
0.003035
0.002997
0.002907
0.00294
0.003043
0.002994
0.002976
0.002852
0.00294
0.002992
0.002846
0.002815
0.00281
0.002973
0.003021
0.003004
0.003049
0.003
0.002929
0.002899
0.003043
0.002852
0.0029
0.003036
0.002849
0.00304
0.00289
0.002843
0.003019
0.003007
0.002863
0.003139
0.002978
0.002879
0.002963
0.00299
0.002988
0.002978
0.002966
0.002852
0.00288
0.002904
0.003
0.003004
0.00308
0.003176
0.00292
0.003067
0.00304
0.002964
0.002834
0.002915
0.002954
0.002719
0.003047
0.003
0.00293
0.003165
0.002937
0.003014
0.003082
0.002925
0.003031
0.002945
0.00292
0.002862
0.002951
0.002973
0.00308
0.003085
0.002879
0.003148
0.002847
0.00298
0.003075
0.002856
0.003285
0.002868
0.003011
0.003001
0.002966
0.002867
0.003051
0.002985
0.003
0.002753
0.002947
0.002977
0.003072
0.002993
0.002949
0.002859
0.002901
0.002859
0.002967
0.002908
0.002968
0.002994
0.003025
0.003083
0.003038
0.002921
0.002949
0.002906
0.003094
0.003196
0.002925
0.002832
0.002844
0.002755
0.002914
0.002806
0.002858
0.003081
0.002953
0.002913
0.003016
0.00299
0.002852
0.002845
0.002925
0.002942
0.002958
0.002945
0.002823
0.003119
0.003068
0.002914
0.002852
0.002948
0.003086
0.003018
0.002773
0.002828
0.002974
0.00295
0.003014
0.00296
0.002981
0.0029
0.002855
0.00297
0.002992
0.002889
0.003182
0.002943
0.003047
0.003056
0.002984
0.002963
0.002926
0.002985
0.002933
0.002898
0.003027
0.003007
0.003
0.00278
0.003094
0.002997
0.003163
0.00294
0.003013
0.003028
0.00275
0.002931
0.002977
0.003063
0.002961
0.002905
0.002929
0.002937
0.003089
0.003068
0.002999
0.00296
0.002729
0.002791
0.003111
0.002878
0.003153
0.002927
0.002985
0.002923
0.002913
0.002956
0.003085
0.002996
0.003103
0.002921
0.003027
0.002939
0.003125
0.002857
0.002742
0.002924
0.003079
0.002945
0.002892
0.002914
0.002797
0.002952
0.003074
0.002886
0.003031
0.002938
0.003098
0.003
0.002832
0.002936
0.002759
0.00297
0.002874
0.002793
0.00312
0.002776
0.003025
0.002833
0.002925
0.00289
0.002972
0.00311
0.003039
0.002941
0.00295
0.002882
0.003044
0.003011
0.002843
0.002936
0.002958
0.002822
0.002889
0.002735
0.003029
0.003046
0.002684
0.002806
0.002972
0.002837
0.003124
0.002958
0.002927
0.002861
0.002889
0.003121
0.002903
0.002967
0.003069
0.003089
0.003065
0.002932
0.002889
0.002993
0.002972
0.00294
0.003066
0.002937
0.002996
0.00287
0.002923
0.002858
0.002962
0.003072
0.002994
0.002881
0.002837
0.002925
0.002962
0.003045
0.002929
0.002966
0.002937
0.00317
0.002919
0.002863
0.003001
0.002954
0.002888
0.003091
0.002926
0.003252
0.002979
0.002873
0.003007
0.003234
0.003132
0.002823
0.002978
0.002901
0.002948
0.002981
0.002826
0.002951
0.002759
0.002826
0.002945
0.002956
0.002956
0.003058
0.003009
0.002962
0.003118
0.002855
0.003029
0.003095
0.002927
0.002925
0.002956
0.003029
0.002857
0.002906
0.002918
0.00308
0.003073
0.00294
0.002941
0.003
0.002978
0.002915
0.002929
0.003169
0.003033
0.002888
0.002972
0.003003
0.002882
0.002814
0.002973
0.00302
0.00311
0.002898
0.002977
0.002963
0.002984
0.003005
0.002977
0.002801
0.002859
0.003174
0.002921
0.002939
0.002968
0.002958
0.002844
0.002973
0.002894
0.002997
0.002972
0.003044
0.002958
0.003134
0.002935
0.003063
0.002885
0.003097
0.003053
0.002975
0.002921
0.002922
0.002791
0.003058
0.00321
0.002837
0.003072
0.00291
0.002898
0.002839
0.002864
0.0028
0.003037
0.003027
0.003001
0.002749
0.002884
0.002914
0.002982
0.002866
0.002914
0.002929
0.003073
0.002973
0.002875
0.003075
0.002918
0.003016
0.002917
0.003029
0.002841
0.002991
0.003
0.002982
0.002894
0.002995
0.002971
0.002966
0.002937
0.002911
0.003115
0.002955
0.002892
0.002894
0.003084
0.003011
0.003094
0.003059
0.002778
0.003033
0.002849
0.002912
0.003072
0.003042
0.002761
0.002914
0.002836
0.003088
0.002986
0.002854
0.00296
0.002977
0.002873
0.002855
0.003094
0.003015
0.002946
0.003059
0.002919
0.003015
0.002983
0.003009
0.002847
0.002993
0.002883
0.002852
0.002852
0.003036
0.00288
0.002871
0.002778
0.0029
0.002941
0.003084
0.003066
0.003028
0.002859
0.002908
0.003045
0.003033
0.003056
0.002793
0.002864
0.003044
0.003216
0.002958
0.002969
0.002888
0.002971
0.0029
0.003033
0.003081
0.002966
0.003036
0.002935
0.002725
0.003111
0.003071
0.003159
0.002931
0.003134
0.00289
0.00276
0.002991
0.003002
0.002982
0.002941
0.003024
0.002888
0.002995
0.002923
0.00288
0.003005
0.002974
0.002827
0.002957
0.003058
0.003058
0.002892
0.003106
0.002845
0.002896
0.002897
0.002832
0.003019
0.003127
0.002887
0.002839
0.003046
0.003066
0.00306
0.003042
0.003096
0.002924
0.002855
0.002918
0.00306
0.002794
0.002948
0.002943
0.002872
0.00298
0.003061
0.002847
0.003022
0.00305
0.002937
0.002861
0.002996
0.002964
0.002939
0.002975
0.003006
0.002954
0.00295
0.002867
0.003084
0.002987
0.002852
0.00296
0.002994
0.002933
0.003074
0.002741
0.002918
0.002931
0.002931
0.00288
0.003045
0.002956
0.002962
0.002855
0.003038
0.002825
0.003122
0.002999
0.002916
0.002919
0.003016
0.002998
0.002818
0.002962
0.003086
0.002831
0.003022
0.00302
0.002909
0.002981
0.002894
0.00309
0.002976
0.002991
0.00312
0.00304
0.002917
0.002835
0.003057
0.003135
0.003072
0.002872
0.00283
0.003035
0.00283
0.003055
0.002766
0.003129
0.002966
0.002948
0.003257
0.002864
0.002935
0.002937
0.00297
0.002973
0.003125
0.002984
0.002988
0.002951
0.002835
0.002929
0.00293
0.003046
0.002857
0.003184
0.003063
0.002913
0.002837
0.002902
0.002943
0.003138
0.002983
0.003034
0.002954
0.003042
0.003016
0.002978
0.002966
0.002847
0.003236
0.003191
0.00297
0.002977
0.003004
0.003016
0.002986
0.002944
0.003075
0.003097
0.002798
0.003047
0.002921
0.003022
0.002924
0.002946
0.002886
0.002876
0.002975
0.003063
0.003015
0.003083
0.00311
0.003062
0.002815
0.003018
0.002986
0.002902
0.003065
0.003049
0.002849
0.003033
0.002843
0.002998
0.002988
0.002889
0.002954
0.002998
0.003163
0.002896
0.002919
0.003034
0.00296
0.002814
0.002807
0.002991
0.002907
0.003057
0.003176
0.002946
0.003014
0.002978
0.002978
0.003027
0.002875
0.003192
0.002929
0.002944
0.002878
0.002911
0.003014
0.002897
0.003004
0.002888
0.002805
0.003004
0.002945
0.002956
0.003046
0.00288
0.002835
0.002909
0.003023
0.002897
0.002818
0.002924
0.002932
0.003
0.00296
0.003069
0.002914
0.003081
0.002979
0.0029
0.00299
0.002907
0.002987
0.003211
0.003013
0.002931
0.003011
0.002851
0.002997
0.002849
0.002864
0.002959
0.003053
0.003089
0.003014
0.00293
0.003023
0.002923
0.002916
0.002829
0.003074
0.002882
0.002897
0.003156
0.002986
0.002946
0.003066
0.003075
0.002996
0.003033
0.003053
0.002943
0.003118
0.002985
0.002921
0.003073
0.003008
0.002943
0.002964
0.002871
0.003169
0.002983
0.003028
0.002866
0.003004
0.002993
0.00304
0.002967
0.002933
0.002949
0.002972
0.002992
0.002987
0.002939
0.002992
0.003069
0.00282
0.003004
0.003052
0.002896
0.002941
0.002879
0.002882
0.002981
0.003168
0.002865
0.00286
0.002948
0.002865
0.002944
0.002849
0.003053
0.003063
0.003101
0.003043
0.002847
0.002832
0.002869
0.002862
0.003201
0.002789
0.00299
0.002876
0.002904
0.002995
0.002933
0.002847
0.002977
0.002972
0.003059
0.002934
0.003058
0.002942
0.003044
0.00296
0.002934
0.002979
0.003012
0.002816
0.002882
0.002893
0.002922
0.003102
0.003074
0.003024
0.002851
0.003161
0.002968
0.002998
0.002972
0.00304
0.002894
0.002985
0.002826
0.003115
0.003078
0.003016
0.002826
0.003005
0.00303
0.003166
0.002951
0.002874
0.003145
0.002749
0.003037
0.002891
0.003052
0.003087
0.002803
0.003191
0.002958
0.002804
0.002869
0.002933
0.002991
0.002959
0.003011
0.002855
0.002908
0.002953
0.002954
0.002995
0.002979
0.003076
0.00292
0.003137
0.003041
0.002968
0.003141
0.003009
0.002977
0.003066
0.002976
0.002848
0.003233
0.002876
0.00305
0.003014
0.002971
0.002904
0.003018
0.002968
0.002943
0.003075
0.003072
0.003035
0.002942
0.002757
0.002886
0.003003
0.002896
0.003006
0.003043
0.002882
0.002692
0.002994
0.002902
0.002944
0.002885
0.002937
0.00314
0.002879
0.00293
0.002896
0.002845
0.003134
0.003066
0.003049
0.003164
0.002942
0.003059
0.00292
0.00302
0.002968
0.003054
0.003071
0.002761
0.002995
0.00311
0.002971
0.00294
0.003024
0.003027
0.00314
0.002697
0.003134
0.002933
0.002911
0.002803
0.002962
0.003139
0.002908
0.003027
0.002921
0.003073
0.003102
0.002866
0.002882
0.002915
0.002862
0.00295
0.002923
0.002882
0.00299
0.002816
0.003067
0.002797
0.003241
0.003051
0.002992
0.003137
0.002941
0.002994
0.00293
0.003016
0.002993
0.002743
0.002815
0.002865
0.003005
0.003069
0.00299
0.002875
0.002969
0.003055
0.002977
0.00294
0.00287
0.002872
0.003126
0.003088
0.002979
0.002973
0.003042
0.00291
0.003055
0.00295
0.002962
0.00295
0.002831
0.002933
0.00286
0.003042
0.002998
0.00303
0.003051
0.002833
0.003031
0.002958
0.003056
0.003263
0.002789
0.002881
0.003173
0.003069
0.002987
0.002837
0.002805
0.002991
0.002992
0.002927
0.0029
0.002836
0.003031
0.002968
0.002949
0.00301
0.003
0.002943
0.003219
0.002885
0.002805
0.003023
0.002936
0.00294
0.002968
0.003021
0.002967
0.002833
0.002998
0.003006
0.002847
0.002996
0.002964
0.003195
0.002834
0.003108
0.003066
0.002851
0.002937
0.002833
0.003043
0.002994
0.002732
0.003059
0.002969
0.003067
0.002996
0.00295
0.002971
0.002809
0.003024
0.002964
0.003174
0.00291
0.002889
0.002981
0.002888
0.002931
0.003042
0.002993
0.003109
0.002954
0.003058
0.002967
0.003165
0.002911
0.002997
0.002832
0.003021
0.002986
0.002908
0.002801
0.002979
0.003036
0.002874
0.003103
0.002961
0.002943
0.002933
0.002972
0.002964
0.002823
0.002942
0.002906
0.002946
0.00296
0.002826
0.002927
0.003062
0.002801
0.003139
0.00308
0.003009
0.002965
0.002833
0.002998
0.003037
0.002942
0.002892
0.002921
0.002889
0.002939
0.002874
0.00296
0.003198
0.002913
0.002931
0.002929
0.003001
0.002897
0.002894
0.002981
0.002854
0.00297
0.003057
0.002826
0.002878
0.002986
0.003102
0.002966
0.002855
0.00302
0.003187
0.002774
0.002996
0.003007
0.003
0.00307
0.003087
0.002906
0.002855
0.003044
0.002945
0.002828
0.002884
0.003042
0.002914
0.002916
0.002945
0.002928
0.003065
0.002828
0.002928
0.002958
0.003045
0.002913
0.002833
0.003159
0.003027
0.002998
0.002913
0.002889
0.003109
0.003028
0.002808
0.00295
0.002986
0.002966
0.003012
0.002861
0.003014
0.00304
0.003074
0.003026
0.002904
0.002875
0.002875
0.002919
0.002845
0.003004
0.003104
0.002925
0.003015
0.002896
0.003071
0.003122
0.00291
0.002925
0.002975
0.002946
0.003107
0.003111
0.0029
0.003112
0.002861
0.003028
0.003012
0.003015
0.003092
0.002864
0.003008
0.003007
0.003001
0.002835
0.002988
0.002944
0.002899
0.003098
0.003036
0.002919
0.003023
0.00297
0.002886
0.002925
0.003036
0.003087
0.003005
0.00299
0.002819
0.002882
0.003011
0.003078
0.003065
0.002865
0.002985
0.002993
0.003112
0.002915
0.003063
0.002989
0.002929
0.003015
0.002933
0.003124
0.002915
0.002917
0.002943
0.002975
0.002954
0.002876
0.003022
0.002887
0.003014
0.002948
0.003135
0.003009
0.00273
0.003054
0.002998
0.002985
0.002802
0.002864
0.002903
0.002805
0.002927
0.002871
0.002888
0.003003
0.003034
0.002977
0.00289
0.00299
0.00286
0.003016
0.00288
0.002827
0.002916
0.002936
0.002915
0.002902
0.002908
0.002839
0.00311
0.002919
0.002992
0.002872
0.002882
0.002852
0.002879
0.002971
0.002932
0.002828
0.002878
0.002837
0.003045
0.002947
0.002996
0.00282
0.002971
0.002915
0.003106
0.002834
0.002825
0.003172
0.002756
0.002916
0.002944
0.003066
0.002907
0.002972
0.002992
0.003025
0.002948
0.003189
0.002826
0.002835
0.002978
0.002797
0.002784
0.002831
0.002845
0.003143
0.003135
0.003089
0.002911
0.002819
0.002865
0.002948
0.002947
0.003031
0.003063
0.003186
0.002977
0.003007
0.002921
0.003194
0.00284
0.003057
0.002905
0.003104
0.002774
0.003132
0.003124
0.002973
0.003051
0.002947
0.003047
0.002952
0.002865
0.002935
0.002952
0.002914
0.002837
0.003002
0.002966
0.003194
0.00285
0.002884
0.002916
0.002957
0.003037
0.002907
0.00283
0.003
0.002885
0.002892
0.003035
0.002999
0.003264
0.003049
0.003082
0.003115
0.003183
0.003059
0.002833
0.002959
0.003055
0.003
0.003058
0.002837
0.002849
0.002904
0.003042
0.002841
0.003035
0.002838
0.002927
0.003005
0.003014
0.002948
0.003
0.002884
0.003011
0.002814
0.00306
0.002761
0.003045
0.002776
0.002923
0.002986
0.002916
0.003122
0.003018
0.0031
0.002929
0.002925
0.003087
0.003069
0.00288
0.002915
0.002893
0.002921
0.002912
0.003183
0.002915
0.002973
0.002896
0.002948
0.002867
0.003018
0.003201
0.003007
0.003059
0.002929
0.002975
0.002881
0.00295
0.003136
0.003077
0.002975
0.002853
0.002846
0.003027
0.002845
0.002987
0.003033
0.002991
0.003128
0.002946
0.002923
0.003053
0.002787
0.003009
0.003045
0.002933
0.002891
0.002959
0.003019
0.002815
0.002953
0.003301
0.003031
0.002919
0.002848
0.002812
0.002995
0.003042
0.003139
0.002937
0.002989
0.002921
0.00302
0.002864
0.002938
0.002835
0.003042
0.002924
0.002887
0.002976
0.00288
0.002961
0.002996
0.003027
0.003158
0.002974
0.003088
0.002947
0.002844
0.003081
0.003034
0.002816
0.00301
0.003063
0.003003
0.002951
0.003001
0.002862
0.002939
0.002958
0.002935
0.002932
0.002958
0.003027
0.00299
0.002998
0.00304
0.002863
0.002878
0.002995
0.002977
0.00309
0.002867
0.002973
0.002915
0.002857
0.002867
0.003181
0.002807
0.003108
0.003019
0.002902
0.003035
0.003023
0.002967
0.002871
0.002832
0.002878
0.003005
0.002939
0.002961
0.002842
0.002915
0.003214
0.003085
0.002962
0.003051
0.002947
0.002945
0.002852
0.002975
0.002946
0.002936
0.002902
0.002904
0.003065
0.003025
0.002927
0.003
0.00293
0.00305
0.003027
0.003063
0.002986
0.002891
0.002891
0.002821
0.002896
0.002935
0.00296
0.002941
0.003094
0.002967
0.002829
0.002902
0.002988
0.002944
0.002948
0.002921
0.003123
0.002951
0.00289
0.002921
0.002919
0.003016
0.003127
0.00291
0.002866
0.002834
0.002818
0.002893
0.003003
0.002697
0.003083
0.002888
0.002884
0.003007
0.002912
0.003158
0.002997
0.003059
0.002862
0.002948
0.003023
0.003018
0.003082
0.002786
0.002991
0.002824
0.003078
0.003024
0.002908
0.003082
0.002943
0.003088
0.003078
0.002882
0.00315
0.002849
0.002984
0.00287
0.002996
0.002965
0.003008
0.002987
0.002941
0.003084
0.002916
0.003044
0.002931
0.002947
0.00279
0.002953
0.002947
0.002835
0.003129
0.002947
0.003026
0.002949
0.002924
0.003113
0.002882
0.002993
0.002944
0.003016
0.002803
0.003099
0.003007
0.003008
0.003043
0.002953
0.002853
0.003115
0.00308
0.00305
0.002837
0.002957
0.003033
0.003016
0.003014
0.002957
0.002793
0.003009
0.002872
0.002838
0.003003
0.002986
0.002927
0.002895
0.003074
0.002838
0.002898
0.0031
0.003007
0.002845
0.003069
0.002935
0.002991
0.002916
0.002811
0.002982
0.003041
0.0029
0.002898
0.002784
0.00325
0.002946
0.00287
0.002792
0.002953
0.003016
0.002896
0.002857
0.003054
0.003096
0.002935
0.002952
0.002908
0.002881
0.00301
0.002904
0.002821
0.002917
0.002972
0.002975
0.002875
0.002949
0.003144
0.003046
0.002985
0.002952
0.00294
0.002941
0.002913
0.002902
0.002988
0.00291
0.002968
0.002937
0.002859
0.002828
0.002868
0.002927
0.00304
0.003014
0.002988
0.002893
0.002935
0.003004
0.00302
0.002932
0.002983
0.003062
0.003169
0.002988
0.003018
0.00299
0.00289
0.003009
0.002955
0.002998
0.003195
0.003138
0.00292
0.003042
0.002831
0.002981
0.003063
0.003077
0.002944
0.003015
0.003032
0.00298
0.00291
0.003054
0.003006
0.003028
0.002978
0.002882
0.002867
0.003058
0.002905
0.00302
0.002898
0.00302
0.002863
0.002938
0.002881
0.002978
0.002874
0.002922
0.003007
0.00299
0.002861
0.002912
0.002994
0.003022
0.003126
0.00301
0.002964
0.00301
0.003008
0.002896
0.003059
0.003064
0.002746
0.002863
0.002861
0.002986
0.002941
0.002876
0.003197
0.003125
0.003018
0.003008
0.002984
0.002854
0.003183
0.003158
0.003053
0.002906
0.003074
0.002968
0.00302
0.002914
0.00302
0.003034
0.002825
0.002977
0.002948
0.002973
0.003106
0.002896
0.00306
0.002896
0.002958
0.00289
0.003037
0.002939
0.002943
0.002859
0.003087
0.003094
0.003204
0.002915
0.002992
0.002911
0.003091
0.002927
0.002988
0.002892
0.002959
0.002952
0.003169
0.003055
0.003115
0.002992
0.003068
0.002881
0.003089
0.003023
0.00297
0.002896
0.002933
0.002723
0.002819
0.002886
0.002849
0.003055
0.003094
0.002931
0.002916
0.002965
0.002849
0.002962
0.003069
0.003069
0.003069
0.003013
0.002907
0.003007
0.002933
0.002942
0.003228
0.003087
0.002814
0.002807
0.00288
0.002837
0.002805
0.003037
0.002946
0.00286
0.00304
0.002937
0.002913
0.002956
0.002974
0.003022
0.00299
0.002834
0.002956
0.002837
0.002982
0.002954
0.002885
0.002974
0.003047
0.00297
0.002833
0.00282
0.003161
0.003077
0.002801
0.003035
0.002976
0.003087
0.002996
0.002805
0.002873
0.003076
0.003193
0.003118
0.002899
0.002932
0.002993
0.002966
0.002919
0.002974
0.002833
0.003179
0.002957
0.003094
0.002952
0.002915
0.003033
0.003056
0.002966
0.002925
0.002908
0.003038
0.003071
0.003057
0.003043
0.002968
0.003065
0.002966
0.002948
0.002891
0.002989
0.002943
0.002917
0.002985
0.002853
0.002994
0.003019
0.002933
0.002982
0.002955
0.003072
0.003129
0.002928
0.002904
0.002896
0.003135
0.002958
0.002933
0.002814
0.002883
0.002999
0.002864
0.003094
0.002919
0.002975
0.002864
0.003096
0.002911
0.00291
0.002943
0.002962
0.002987
0.003126
0.002919
0.002982
0.002983
0.002974
0.002907
0.002906
0.002998
0.002904
0.003071
0.003008
0.002908
0.00279
0.003169
0.002973
0.003042
0.003014
0.002937
0.00304
0.002996
0.003049
0.002939
0.003073
0.002958
0.003149
0.003038
0.002835
0.00302
0.003038
0.003054
0.003196
0.002864
0.003
0.00282
0.003003
0.002844
0.003002
0.002881
0.003007
0.003049
0.002872
0.003005
0.002902
0.002937
0.002985
0.003029
0.002814
0.002904
0.002941
0.003089
0.002892
0.003162
0.002809
0.002933
0.002909
0.002942
0.002981
0.002895
0.003058
0.002929
0.002818
0.002864
0.003009
0.003071
0.00291
0.002902
0.003015
0.00298
0.002892
0.002948
0.003131
0.002902
0.002831
0.0029
0.003112
0.003004
0.002813
0.002948
0.003002
0.002975
0.002959
0.002966
0.00311
0.002915
0.003061
0.003053
0.002958
0.003101
0.002998
0.003096
0.003051
0.003024
0.002836
0.002926
0.002969
0.002901
0.002886
0.002932
0.00296
0.003014
0.002892
0.002856
0.003042
0.003054
0.003032
0.002919
0.003069
0.00284
0.002877
0.002983
0.00296
0.002849
0.002813
0.002809
0.002878
0.00292
0.00288
0.003024
0.002971
0.00299
0.002927
0.00288
0.003153
0.002858
0.003114
0.003296
0.002801
0.00277
0.002874
0.003
0.002989
0.00292
0.00304
0.002892
0.00316
0.002981
0.003045
0.00297
0.003163
0.002875
0.003058
0.002956
0.00296
0.003048
0.003233
0.002886
0.002962
0.002962
0.002818
0.002992
0.00325
0.003079
0.002784
0.002903
0.002952
0.002912
0.002997
0.00295
0.002927
0.002882
0.003031
0.003127
0.003142
0.002865
0.002934
0.002769
0.002988
0.002927
0.003143
0.003209
0.002962
0.002828
0.002956
0.003055
0.002982
0.0029
0.002889
0.003078
0.002856
0.002901
0.003159
0.002869
0.002923
0.002762
0.003067
0.002914
0.002891
0.003113
0.002895
0.00287
0.002972
0.002977
0.003078
0.003113
0.002956
0.002818
0.00291
0.002851
0.003181
0.002898
0.003019
0.00274
0.002984
0.003075
0.003026
0.002996
0.003037
0.003076
0.002891
0.003097
0.002956
0.00297
0.002784
0.003132
0.002876
0.003032
0.002957
0.002835
0.003048
0.002782
0.002981
0.002859
0.002843
0.002927
0.003019
0.002977
0.00284
0.003099
0.002943
0.003142
0.002892
0.003025
0.002881
0.002882
0.002812
0.002847
0.002884
0.002808
0.003134
0.003049
0.002945
0.002936
0.002821
0.003068
0.002898
0.003024
0.002815
0.002972
0.002935
0.003125
0.002828
0.002931
0.002805
0.002946
0.002962
0.00299
0.002865
0.002842
0.002831
0.003067
0.003092
0.002946
0.002974
0.00292
0.003228
0.002919
0.002947
0.002947
0.00276
0.002973
0.002967
0.003016
0.002945
0.003137
0.002846
0.002906
0.002795
0.002926
0.003056
0.002888
0.002984
0.003195
0.003066
0.003025
0.002822
0.002817
0.003053
0.003005
0.003058
0.003081
0.002871
0.002861
0.002917
0.002939
0.003083
0.002814
0.002988
0.003069
0.003022
0.002926
0.002786
0.002896
0.002825
0.002977
0.003106
0.002943
0.003002
0.003035
0.002929
0.002861
0.003045
0.003266
0.002804
0.003089
0.003065
0.002865
0.003023
0.002869
0.002909
0.002984
0.002958
0.003043
0.002837
0.003057
0.003081
0.003033
0.0029
0.003072
0.002863
0.002954
0.003048
0.002954
0.00306
0.003084
0.002901
0.002836
0.003111
0.002876
0.003012
0.003053
0.002888
0.002996
0.002823
0.002968
0.002962
0.002808
0.002982
0.002933
0.003204
0.002847
0.002961
0.002918
0.003053
0.002981
0.002931
0.003135
0.00284
0.003085
0.003141
0.002948
0.002829
0.003026
0.002914
0.0029
0.002874
0.003026
0.003039
0.00286
0.002939
0.002896
0.002948
0.002785
0.003119
0.002934
0.002949
0.002895
0.002919
0.00299
0.002983
0.002876
0.002866
0.00282
0.002862
0.003113
0.002851
0.002817
0.003006
0.002917
0.003136
0.002978
0.003079
0.002783
0.003065
0.003166
0.002739
0.002931
0.002964
0.003056
0.002854
0.00289
0.003085
0.00304
0.002867
0.002972
0.002846
0.002866
0.003085
0.002813
0.002871
0.003085
0.002904
0.002941
0.002888
0.002923
0.002905
0.002968
0.003023
0.002921
0.002988
0.00299
0.002819
0.002816
0.002977
0.002855
0.002864
0.003045
0.003155
0.002928
0.002945
0.00292
0.002879
0.002868
0.002913
0.002991
0.003014
0.003008
0.003035
0.003075
0.002996
0.002756
0.002981
0.002943
0.003002
0.002966
0.002958
0.002884
0.003079
0.00301
0.002845
0.002919
0.00299
0.002954
0.003082
0.002848
0.002829
0.003008
0.003065
0.002777
0.002987
0.003094
0.003093
0.003144
0.003177
0.002977
0.003125
0.00298
0.002979
0.003012
0.002892
0.002952
0.002878
0.002925
0.003178
0.003066
0.003049
0.002984
0.003
0.002886
0.002827
0.002891
0.003003
0.002898
0.003104
0.003082
0.002913
0.003109
0.00281
0.002933
0.002882
0.00298
0.003051
0.002923
0.002876
0.002968
0.003267
0.002955
0.002797
0.003081
0.003032
0.002903
0.002733
0.002902
0.002919
0.002889
0.002956
0.003049
0.002958
0.002954
0.002929
0.003002
0.002896
0.003094
0.002964
0.002972
0.003047
0.003019
0.002968
0.002977
0.003031
0.003009
0.002893
0.002941
0.002984
0.0029
0.002854
0.003016
0.002915
0.002999
0.002893
0.00296
0.002964
0.002874
0.00299
0.003141
0.002944
0.002881
0.003042
0.003017
0.002998
0.003061
0.00295
0.00316
0.002947
0.002888
0.003112
0.002886
0.002923
0.003043
0.002872
0.003045
0.003077
0.002839
0.002721
0.00298
0.002921
0.002835
0.002819
0.003037
0.002792
0.003039
0.003019
0.002921
0.002843
0.002881
0.003038
0.002998
0.002933
0.002827
0.002958
0.002925
0.002956
0.002952
0.003008
0.002853
0.002953
0.002989
0.002886
0.003073
0.002847
0.002975
0.003005
0.003001
0.002841
0.002929
0.003062
0.002853
0.002913
0.002906
0.002981
0.002751
0.003002
0.002956
0.002949
0.002809
0.003024
0.002853
0.003005
0.002977
0.003049
0.002908
0.003016
0.002969
0.00299
0.0029
0.002904
0.002942
0.002934
0.003005
0.003018
0.00285
0.00289
0.003049
0.002932
0.00297
0.002894
0.002925
0.002926
0.002935
0.003025
0.002944
0.002953
0.003133
0.002933
0.002706
0.002861
0.002864
0.003169
0.002978
0.00282
0.0029
0.003146
0.002908
0.002973
0.003031
0.003003
0.002939
0.002992
0.002962
0.00309
0.002909
0.00293
0.0031
0.002945
0.002908
0.002911
0.002893
0.003007
0.003193
0.002882
0.002999
0.00302
0.0031
0.002971
0.002898
0.002814
0.002933
0.002861
0.003089
0.002999
0.002849
0.002945
0.003002
0.002956
0.002824
0.003045
0.003036
0.002822
0.002875
0.003022
0.002765
0.002833
0.00296
0.002908
0.002886
0.002915
0.00283
0.003036
0.003053
0.003148
0.002787
0.002862
0.003055
0.003138
0.003016
0.002954
0.003043
0.002907
0.002915
0.003044
0.002999
0.003036
0.00296
0.002948
0.002765
0.00295
0.003033
0.002929
0.003046
0.002997
0.002909
0.003074
0.002981
0.002732
0.003029
0.003021
0.003128
0.002931
0.002956
0.002921
0.003028
0.002892
0.00288
0.003053
0.002925
0.002913
0.002944
0.003019
0.002857
0.002998
0.002896
0.002729
0.002884
0.002897
0.002994
0.002964
0.002971
0.002966
0.002896
0.002882
0.002841
0.002906
0.003009
0.002898
0.003009
0.002877
0.00306
0.003001
0.002952
0.002882
0.003182
0.002837
0.003162
0.0029
0.003022
0.002947
0.002899
0.003025
0.003007
0.003094
0.002943
0.00294
0.002925
0.003165
0.002943
0.00307
0.002921
0.002965
0.002977
0.003032
0.002818
0.002839
0.002906
0.003015
0.002965
0.003052
0.002872
0.002992
0.002959
0.002921
0.003077
0.0029
0.003099
0.00306
0.003082
0.002825
0.002866
0.003072
0.002839
0.00285
0.002898
0.002995
0.003037
0.002903
0.002948
0.002964
0.003162
0.002858
0.003058
0.003113
0.003178
0.002924
0.003095
0.002992
0.002886
0.00309
0.002893
0.003031
0.003108
0.003079
0.002888
0.002926
0.003132
0.002753
0.002937
0.002904
0.002877
0.003082
0.002996
0.003031
0.002914
0.003103
0.002869
0.003026
0.002886
0.003049
0.002857
0.002884
0.003007
0.002886
0.003121
0.002926
0.00296
0.002906
0.002995
0.003063
0.002913
0.002912
0.003025
0.002855
0.002879
0.002929
0.003131
0.002824
0.003045
0.003038
0.002862
0.003009
0.002966
0.003021
0.003048
0.002875
0.00297
0.0029
0.00302
0.002844
0.003022
0.002927
0.003011
0.002884
0.003055
0.002988
0.002935
0.003008
0.002996
0.003036
0.00301
0.003103
0.002966
0.003059
0.002812
0.002847
0.002857
0.003039
0.002961
0.002922
0.003019
0.003013
0.002881
0.002928
0.002968
0.002914
0.0031
0.002878
0.003014
0.002832
0.002902
0.00283
0.002935
0.003003
0.003036
0.00299
0.003037
0.003066
0.002925
0.002964
0.003011
0.003014
0.002874
0.002944
0.002941
0.002836
0.003099
0.002975
0.003005
0.002832
0.002901
0.00283
0.002764
0.002825
0.002879
0.002955
0.002872
0.003051
0.003069
0.002928
0.002943
0.002903
0.003007
0.002864
0.003023
0.002815
0.002924
0.00291
0.002904
0.002806
0.002972
0.002882
0.003175
0.002918
0.002963
0.003156
0.003123
0.00315
0.003065
0.002854
0.003039
0.00302
0.003007
0.002991
0.002985
0.002962
0.003101
0.002925
0.002856
0.002902
0.002941
0.00299
0.003067
0.002913
0.002892
0.002931
0.003144
0.002843
0.003094
0.003057
0.002977
0.002821
0.002884
0.002865
0.002889
0.002861
0.002952
0.00301
0.003005
0.003004
0.002885
0.002934
0.002879
0.002975
0.002975
0.003038
0.002996
0.002727
0.00302
0.0029
0.002867
0.002962
0.003025
0.002888
0.003015
0.002767
0.002927
0.002986
0.002802
0.002973
0.002777
0.002951
0.002981
0.003042
0.003038
0.003082
0.002957
0.002761
0.002988
0.003129
0.002951
0.002897
0.002964
0.002784
0.002795
0.002934
0.003079
0.002956
0.003157
0.003032
0.002815
0.003014
0.003033
0.002888
0.002938
0.002949
0.002872
0.003055
0.002947
0.00296
0.002888
0.003027
0.002927
0.002836
0.002939
0.002977
0.002944
0.003023
0.003077
0.002923
0.003001
0.002962
0.002933
0.002837
0.003051
0.002981
0.003151
0.003049
0.002941
0.00305
0.002929
0.00285
0.002904
0.003133
0.002851
0.003003
0.002837
0.002955
0.002818
0.003171
0.002875
0.002877
0.003179
0.002812
0.003011
0.002822
0.002944
0.002905
0.002959
0.003056
0.003
0.002885
0.003063
0.002903
0.00284
0.002873
0.002934
0.003067
0.003058
0.003042
0.003013
0.002968
0.002906
0.0028
0.002927
0.002892
0.002982
0.002922
0.002857
0.00283
0.00296
0.003005
0.002785
0.002878
0.003095
0.002954
0.002991
0.003049
0.003005
0.003009
0.003009
0.003129
0.002982
0.00295
0.002979
0.002897
0.002789
0.003078
0.002853
0.002998
0.003085
0.002958
0.002923
0.002896
0.002966
0.002921
0.003119
0.002994
0.002931
0.002921
0.002989
0.002816
0.002928
0.00299
0.003021
0.003008
0.003072
0.003225
0.003023
0.00277
0.002863
0.003027
0.002915
0.002901
0.002797
0.002989
0.00309
0.002917
0.003018
0.002873
0.00279
0.003003
0.002977
0.003009
0.002876
0.002825
0.003045
0.002821
0.003004
0.002942
0.002972
0.002973
0.003029
0.003015
0.002943
0.002792
0.003035
0.002812
0.002845
0.002984
0.003005
0.003027
0.00299
0.002908
0.002841
0.002913
0.003026
0.002932
0.002956
0.00311
0.002943
0.00293
0.003023
0.002832
0.002991
0.002872
0.00284
0.003095
0.002866
0.002967
0.002962
0.002948
0.003074
0.003271
0.002872
0.002982
0.002711
0.002923
0.002887
0.002975
0.002979
0.002933
0.003076
0.00311
0.002934
0.003164
0.002852
0.002885
0.003085
0.003055
0.003062
0.002823
0.002967
0.003092
0.003072
0.00281
0.003037
0.002921
0.002954
0.002951
0.002937
0.00291
0.003019
0.002982
0.003091
0.003144
0.003079
0.003101
0.003091
0.00296
0.003142
0.002936
0.002962
0.002961
0.003035
0.003103
0.002981
0.002916
0.003124
0.003025
0.002875
0.002947
0.00295
0.002851
0.003115
0.002833
0.00288
0.003105
0.003062
0.002925
0.00311
0.002878
0.002959
0.003087
0.003012
0.002931
0.002944
0.002983
0.00284
0.002982
0.002884
0.002856
0.002887
0.002747
0.002894
0.002945
0.002941
0.002803
0.002912
0.002937
0.002922
0.003112
0.003002
0.002918
0.002992
0.002958
0.002947
0.003154
0.003121
0.003067
0.00285
0.002831
0.00284
0.002898
0.002952
0.002962
0.002818
0.003091
0.003032
0.002871
0.002988
0.003004
0.003055
0.003025
0.002921
0.002904
0.002851
0.002996
0.002891
0.002894
0.002897
0.002995
0.003151
0.00275
0.003092
0.003017
0.00286
0.002795
0.002827
0.002808
0.003035
0.002848
0.002929
0.002849
0.003126
0.00314
0.003095
0.00299
0.002966
0.002997
0.002949
0.003132
0.003097
0.002801
0.002828
0.003136
0.003001
0.002986
0.00295
0.002918
0.002935
0.002964
0.002932
0.002833
0.002907
0.002927
0.002979
0.003078
0.003049
0.002882
0.002887
0.00295
0.00293
0.002915
0.002964
0.002927
0.002954
0.003113
0.00302
0.003071
0.00272
0.00302
0.002954
0.002858
0.003011
0.002925
0.00303
0.002934
0.002809
0.002875
0.003116
0.003044
0.003036
0.003034
0.002937
0.002914
0.00301
0.003076
0.003067
0.002698
0.003051
0.002941
0.002949
0.003098
0.002889
0.003078
0.003008
0.003088
0.002986
0.002813
0.002796
0.003022
0.002847
0.002921
0.002921
0.003135
0.002861
0.00288
0.002855
0.002884
0.002986
0.002795
0.002878
0.00289
0.002956
0.003119
0.002977
0.002858
0.003052
0.003018
0.003046
0.002955
0.003018
0.002923
0.003025
0.003022
0.002971
0.003158
0.002865
0.003095
0.002887
0.002994
0.00299
0.002938
0.002966
0.003054
0.002854
0.003124
0.002982
0.002935
0.003085
0.002991
0.002805
0.003124
0.002882
0.002991
0.003035
0.003033
0.002982
0.002992
0.003076
0.002982
0.002809
0.003016
0.002937
0.003141
0.003071
0.003251
0.003009
0.002784
0.002764
0.002814
0.003076
0.003055
0.003194
0.00296
0.002928
0.002979
0.00287
0.00315
0.00295
0.003163
0.002927
0.00308
0.002946
0.003005
0.002968
0.003016
0.00287
0.002779
0.002929
0.002913
0.00289
0.003002
0.003092
0.002997
0.002923
0.002814
0.002959
0.00281
0.002883
0.002839
0.002842
0.002886
0.002923
0.003028
0.003091
0.002956
0.003063
0.002896
0.003063
0.003083
0.002925
0.003028
0.003128
0.002962
0.003045
0.002872
0.002857
0.003103
0.003029
0.003139
0.002944
0.003058
0.003097
0.002952
0.002979
0.003133
0.003025
0.003026
0.002988
0.003035
0.002955
0.003066
0.002834
0.002995
0.003048
0.002839
0.002918
0.003017
0.002956
0.003143
0.002833
0.002949
0.003066
0.002764
0.002871
0.002963
0.003097
0.002858
0.002817
0.003003
0.002787
0.002921
0.002969
0.002904
0.00289
0.002954
0.002819
0.0028
0.003001
0.002852
0.002972
0.003021
0.002812
0.002766
0.002898
0.003002
0.003067
0.00296
0.002989
0.002904
0.002985
0.002874
0.002983
0.002935
0.002853
0.003086
0.002915
0.002921
0.002994
0.002938
0.002818
0.002899
0.002871
0.003146
0.002975
0.002929
0.002888
0.00314
0.003084
0.002937
0.00282
0.00288
0.003018
0.002993
0.002996
0.003014
0.003034
0.002971
0.002797
0.002812
0.002849
0.002855
0.002888
0.002905
0.002901
0.003325
0.002952
0.002846
0.003093
0.002921
0.002989
0.003042
0.002926
0.002861
0.003106
0.002893
0.003066
0.002998
0.002898
0.002901
0.002933
0.002925
0.002768
0.002929
0.003123
0.003034
0.002881
0.002885
0.002778
0.00291
0.003024
0.003212
0.002878
0.00309
0.002942
0.002834
0.002829
0.003068
0.002988
0.002972
0.002973
0.002875
0.002952
0.002988
0.003004
0.002919
0.003083
0.002998
0.003142
0.002994
0.003008
0.00289
0.002723
0.00288
0.002718
0.003037
0.002908
0.002979
0.002882
0.003062
0.002824
0.00279
0.003057
0.003065
0.003008
0.003068
0.00306
0.002939
0.00304
0.003085
0.002928
0.003053
0.003002
0.002917
0.002862
0.002906
0.00295
0.003067
0.002931
0.002946
0.002874
0.002865
0.002917
0.0031
0.003088
0.003053
0.003019
0.002897
0.00295
0.002892
0.002839
0.002985
0.00296
0.002969
0.002974
0.002987
0.002976
0.002903
0.002898
0.00295
0.002992
0.003018
0.003256
0.003014
0.00294
0.003108
0.002853
0.003122
0.00306
0.003017
0.002921
0.002984
0.00298
0.003071
0.003124
0.003053
0.002788
0.003227
0.003127
0.003024
0.002996
0.00296
0.002893
0.003064
0.002851
0.003087
0.00301
0.002975
0.002948
0.003021
0.002802
0.003013
0.002954
0.00293
0.003228
0.003014
0.002837
0.002874
0.002888
0.003001
0.002768
0.002898
0.00303
0.003058
0.003105
0.00299
0.003177
0.003094
0.003074
0.002915
0.00285
0.003126
0.003076
0.00307
0.002877
0.003036
0.002919
0.003126
0.002956
0.00296
0.002771
0.002947
0.002909
0.002878
0.002923
0.002985
0.002957
0.002945
0.003211
0.003102
0.002904
0.003021
0.003038
0.003019
0.003209
0.003046
0.002962
0.00306
0.00308
0.003
0.002884
0.002855
0.002923
0.003059
0.002908
0.002888
0.003042
0.002871
0.002944
0.002786
0.00295
0.003078
0.003014
0.003207
0.003128
0.002898
0.003091
0.003099
0.00306
0.00299
0.003028
0.002966
0.002721
0.003
0.002885
0.002787
0.003026
0.002892
0.002932
0.002948
0.002862
0.002977
0.003028
0.002945
0.002807
0.002993
0.002896
0.003037
0.003029
0.003219
0.003069
0.002948
0.002874
0.003014
0.00292
0.003014
0.002883
0.002889
0.003105
0.002923
0.002977
0.003051
0.002945
0.003155
0.002998
0.002991
0.003011
0.002942
0.002823
0.002885
0.003027
0.002815
0.002875
0.002948
0.00283
0.003076
0.002979
0.003074
0.002998
0.002897
0.00289
0.002846
0.003002
0.003075
0.002959
0.002946
0.002956
0.002953
0.002958
0.002933
0.002963
0.003047
0.00306
0.003007
0.002941
0.003009
0.002949
0.003135
0.002856
0.002932
0.003018
0.002922
0.002882
0.003013
0.003003
0.003179
0.002945
0.003008
0.002972
0.00306
0.003136
0.0031
0.002968
0.002835
0.002971
0.002992
0.002966
0.002926
0.003042
0.002888
0.003062
0.002856
0.003008
0.002983
0.002975
0.002902
0.002958
0.002965
0.002982
0.002984
0.002999
0.003151
0.002843
0.002981
0.003072
0.002993
0.002876
0.003007
0.002965
0.003081
0.003024
0.003003
0.002786
0.003008
0.003019
0.002848
0.003015
0.003181
0.002944
0.00286
0.00302
0.003029
0.002809
0.003139
0.003098
0.002943
0.003011
0.002908
0.003266
0.003007
0.002925
0.002886
0.003103
0.002935
0.003006
0.002867
0.00297
0.002861
0.002854
0.003056
0.002903
0.003054
0.002813
0.003008
0.003038
0.002918
0.002989
0.003036
0.002983
0.002988
0.003009
0.002945
0.002746
0.003064
0.003006
0.00311
0.002822
0.002865
0.003037
0.002913
0.003022
0.00296
0.002946
0.00298
0.002931
0.002766
0.002876
0.002908
0.002832
0.002884
0.0029
0.002952
0.002969
0.0031
0.002902
0.002846
0.002929
0.003055
0.002756
0.003062
0.003148
0.002947
0.002948
0.002922
0.002962
0.002964
0.002925
0.002917
0.002917
0.003173
0.003162
0.003019
0.002825
0.002862
0.002964
0.002937
0.002977
0.00303
0.002976
0.002824
0.002838
0.00299
0.002968
0.00299
0.003057
0.002809
0.00287
0.002805
0.002938
0.003058
0.002954
0.002961
0.002948
0.002947
0.002856
0.002913
0.003002
0.003004
0.002982
0.002893
0.0031
0.003048
0.002828
0.002944
0.003021
0.002983
0.002942
0.002987
0.003157
0.002743
0.002871
0.002938
0.002986
0.002794
0.00318
0.002916
0.002956
0.003068
0.002996
0.002961
0.002962
0.002982
0.002985
0.002967
0.003049
0.002932
0.003108
0.002969
0.003018
0.003014
0.003027
0.003003
0.002847
0.002928
0.002964
0.00302
0.002841
0.003049
0.002973
0.002757
0.002994
0.002941
0.00281
0.003072
0.002929
0.003009
0.003074
0.002966
0.002927
0.002873
0.002933
0.003093
0.002865
0.003021
0.003051
0.003083
0.003038
0.002998
0.003137
0.002981
0.00312
0.002899
0.003097
0.003014
0.002854
0.002811
0.002994
0.002983
0.002884
0.003102
0.002795
0.002863
0.003111
0.002949
0.003091
0.0031
0.002968
0.002988
0.00309
0.003132
0.002899
0.002909
0.003244
0.002909
0.002896
0.003023
0.003037
0.002777
0.002837
0.002915
0.002929
0.002891
0.003083
0.002949
0.003067
0.003069
0.003063
0.003101
0.002889
0.002979
0.002858
0.002884
0.003119
0.002814
0.002921
0.002871
0.002983
0.003013
0.003098
0.002946
0.002975
0.002907
0.002949
0.003053
0.00294
0.002977
0.002888
0.003048
0.002936
0.002938
0.00299
0.003084
0.002906
0.003048
0.002858
0.003085
0.002947
0.002916
0.003031
0.002866
0.002774
0.002886
0.002855
0.003067
0.002943
0.002898
0.003015
0.002927
0.002865
0.003011
0.002911
0.003007
0.002929
0.002959
0.003036
0.003033
0.002877
0.002917
0.003094
0.002981
0.003027
0.00295
0.003065
0.003002
0.003252
0.003033
0.00286
0.002825
0.002979
0.003203
0.003
0.003001
0.0029
0.003091
0.003007
0.00302
0.003034
0.002876
0.003146
0.003015
0.003023
0.002937
0.003014
0.002994
0.002898
0.002972
0.00287
0.002938
0.002986
0.00296
0.003033
0.002991
0.003119
0.002858
0.00289
0.002922
0.003024
0.002991
0.002923
0.003022
0.002925
0.002869
0.00286
0.003016
0.002927
0.003063
0.003103
0.002967
0.002886
0.002922
0.003318
0.002826
0.003032
0.003017
0.002857
0.003089
0.002942
0.00304
0.002906
0.003004
0.002978
0.002964
0.003025
0.00292
0.002862
0.003021
0.003068
0.002922
0.003001
0.00293
0.002823
0.003078
0.003025
0.00312
0.002795
0.002971
0.002822
0.002832
0.003008
0.003004
0.002894
0.003036
0.002893
0.002918
0.002886
0.002939
0.003052
0.002979
0.002727
0.00316
0.003123
0.002908
0.003066
0.002966
0.002946
0.002921
0.002896
0.002971
0.002973
0.002874
0.003024
0.002875
0.002974
0.002989
0.00296
0.00304
0.003073
0.002901
0.002948
0.002825
0.002917
0.002901
0.002823
0.003065
0.002878
0.002921
0.003117
0.003042
0.002829
0.003015
0.002999
0.002864
0.002998
0.002797
0.002896
0.002806
0.002928
0.003054
0.002876
0.00282
0.003166
0.002992
0.003104
0.003031
0.002967
0.002887
0.002878
0.002882
0.002963
0.00291
0.002917
0.002795
0.003
0.003039
0.002867
0.002892
0.003007
0.002964
0.003042
0.002987
0.003051
0.002871
0.002994
0.003054
0.003105
0.002987
0.00291
0.002921
0.003023
0.002992
0.003078
0.003043
0.002909
0.002999
0.002805
0.002991
0.003156
0.002987
0.002973
0.00316
0.003129
0.002823
0.002835
0.00281
0.002786
0.002853
0.002867
0.002888
0.003049
0.00297
0.002789
0.002944
0.002906
0.002954
0.002889
0.00291
0.002882
0.003085
0.003118
0.002937
0.002904
0.002994
0.003071
0.003092
0.003169
0.003056
0.003051
0.00286
0.002797
0.002857
0.002904
0.002913
0.003083
0.002921
0.003045
0.002956
0.003048
0.003046
0.002924
0.003103
0.002962
0.002894
0.002954
0.003015
0.003031
0.003058
0.002889
0.003045
0.002937
0.002994
0.002957
0.002839
0.002984
0.003025
0.002748
0.003098
0.002882
0.003058
0.003006
0.003135
0.002993
0.003015
0.002957
0.002844
0.003103
0.00299
0.003042
0.002873
0.003188
0.002913
0.002954
0.003013
0.003063
0.002935
0.003012
0.002962
0.003051
0.002754
0.003048
0.002938
0.002995
0.002986
0.002948
0.002937
0.003224
0.002952
0.003042
0.003076
0.002978
0.002856
0.003025
0.003054
0.002957
0.003022
0.003013
0.00291
0.00299
0.002971
0.003124
0.002816
0.00289
0.002902
0.002862
0.002935
0.002906
0.002818
0.002896
0.002944
0.003035
0.002965
0.00298
0.003103
0.002844
0.003023
0.002831
0.00308
0.002912
0.002969
0.002886
0.002973
0.002852
0.002874
0.00296
0.002888
0.002866
0.002845
0.002975
0.002994
0.002904
0.002935
0.00313
0.002998
0.002901
0.003052
0.002866
0.003018
0.002983
0.002966
0.002984
0.003052
0.002984
0.003014
0.002957
0.002911
0.00284
0.002919
0.003031
0.00283
0.002868
0.003004
0.00293
0.002941
0.002908
0.002983
0.002969
0.002944
0.002971
0.002822
0.002986
0.003116
0.00295
0.002966
0.002919
0.003065
0.003077
0.003018
0.002936
0.003062
0.002975
0.00299
0.002848
0.002803
0.002892
0.002966
0.003115
0.003002
0.002958
0.002923
0.003203
0.00291
0.00291
0.002867
0.002936
0.002913
0.003043
0.003023
0.002792
0.003082
0.003023
0.003022
0.002899
0.00288
0.003016
0.003144
0.002948
0.003153
0.003177
0.003064
0.002947
0.002979
0.003023
0.002987
0.002789
0.002964
0.003029
0.003012
0.00291
0.00287
0.003072
0.003067
0.003048
0.003186
0.002808
0.003097
0.002992
0.002967
0.003007
0.002741
0.002952
0.002793
0.002909
0.003107
0.00307
0.003046
0.003096
0.00318
0.003018
0.002992
0.0029
0.00296
0.002844
0.002908
0.002998
0.002878
0.00303
0.002967
0.003015
0.003007
0.002935
0.002933
0.003101
0.003018
0.002892
0.002975
0.003058
0.002949
0.003072
0.002878
0.002998
0.002881
0.002875
0.002828
0.003006
0.002945
0.002994
0.003146
0.002913
0.003031
0.003032
0.00288
0.002867
0.003064
0.002775
0.003111
0.002964
0.002998
0.002903
0.003028
0.002823
0.002975
0.002726
0.002967
0.002987
0.003044
0.00286
0.002917
0.002968
0.002981
0.002837
0.00285
0.002985
0.003042
0.002981
0.002962
0.00301
0.002863
0.002999
0.003013
0.00291
0.00294
0.003071
0.003023
0.002924
0.003254
0.002865
0.002879
0.002862
0.002995
0.003005
0.002808
0.002864
0.002904
0.003147
0.003086
0.002812
0.003114
0.002919
0.003054
0.003046
0.003035
0.002785
0.003066
0.002786
0.003089
0.002978
0.00299
0.00301
0.002952
0.003042
0.002942
0.003038
0.002851
0.002832
0.002922
0.003068
0.003052
0.002962
0.00307
0.003018
0.002864
0.003099
0.003116
0.003031
0.002886
0.003166
0.002984
0.002822
0.002855
0.003052
0.002965
0.003007
0.002939
0.00295
0.003063
0.003079
0.003086
0.002927
0.002994
0.002931
0.002827
0.00308
0.002835
0.003099
0.003113
0.002984
0.00289
0.002986
0.002881
0.002854
0.003129
0.002925
0.002762
0.003008
0.003241
0.002972
0.002964
0.00296
0.003086
0.002901
0.002932
0.002857
0.003191
0.003009
0.003025
0.002766
0.002877
0.003022
0.002936
0.003161
0.002896
0.002908
0.002998
0.003191
0.003072
0.002965
0.002917
0.002956
0.003103
0.002942
0.003043
0.002874
0.003079
0.002962
0.002929
0.002894
0.002983
0.00279
0.002923
0.002937
0.002767
0.003048
0.002862
0.002876
0.002912
0.002853
0.002931
0.002853
0.003038
0.002841
0.003116
0.003255
0.002996
0.003147
0.003088
0.002935
0.003021
0.002905
0.003
0.003038
0.002999
0.003163
0.002911
0.003076
0.003166
0.003138
0.002859
0.003032
0.00312
0.002907
0.002866
0.003062
0.002912
0.002973
0.003029
0.002926
0.002982
0.002753
0.002892
0.00282
0.002782
0.002968
0.002914
0.002894
0.002898
0.003046
0.002873
0.002985
0.002966
0.002964
0.002867
0.003268
0.003057
0.003071
0.002898
0.002842
0.003011
0.002954
0.002912
0.003057
0.003162
0.002898
0.002935
0.003055
0.002892
0.002977
0.003028
0.002902
0.003092
0.002826
0.003228
0.002855
0.00302
0.002994
0.002954
0.002973
0.002945
0.002917
0.002999
0.002937
0.003015
0.002902
0.002967
0.003038
0.002862
0.002973
0.002981
0.002909
0.002907
0.002975
0.002837
0.002979
0.002928
0.003025
0.00283
0.002943
0.002923
0.00302
0.003115
0.003003
0.003016
0.003035
0.002948
0.002909
0.003072
0.00293
0.002983
0.003002
0.003081
0.002923
0.002968
0.002856
0.003034
0.002984
0.002977
0.002862
0.003156
0.002914
0.00305
0.003074
0.003003
0.002872
0.003011
0.003018
0.003072
0.002858
0.00299
0.002939
0.003066
0.00292
0.002949
0.002847
0.002864
0.002949
0.003049
0.00288
0.002897
0.002882
0.00287
0.002886
0.00282
0.002838
0.002869
0.002913
0.002872
0.002934
0.002839
0.003055
0.003186
0.003022
0.003024
0.003047
0.003027
0.002933
0.002941
0.003021
0.002937
0.003098
0.002965
0.002931
0.00294
0.002983
0.00288
0.002807
0.002917
0.00295
0.002919
0.002919
0.002894
0.002967
0.003055
0.002872
0.003008
0.002883
0.00304
0.003011
0.003079
0.002934
0.002907
0.003136
0.002921
0.002898
0.002844
0.002781
0.002888
0.002873
0.003044
0.002987
0.002961
0.003106
0.003069
0.003058
0.002944
0.003
0.002775
0.003159
0.002952
0.002888
0.002943
0.003063
0.003073
0.002982
0.002998
0.002793
0.003022
0.002881
0.002898
0.002922
0.003137
0.003089
0.002886
0.003061
0.002933
0.003018
0.002915
0.003034
0.002975
0.00299
0.003025
0.003187
0.002943
0.002894
0.002992
0.002945
0.002994
0.002828
0.002758
0.002913
0.002891
0.002897
0.002982
0.00295
0.002975
0.002929
0.002869
0.002876
0.002986
0.003078
0.00299
0.003002
0.002946
0.002778
0.002845
0.003057
0.002935
0.003048
0.002966
0.002964
0.002782
0.002828
0.002941
0.002995
0.002937
0.003132
0.003037
0.002711
0.002963
0.003031
0.00298
0.002866
0.00296
0.00296
0.003003
0.00278
0.003173
0.002961
0.002926
0.002992
0.003145
0.003018
0.002928
0.002939
0.002933
0.003133
0.002838
0.002986
0.002974
0.00283
0.003163
0.002984
0.002988
0.003099
0.002857
0.002903
0.003182
0.002947
0.002977
0.002905
0.0029
0.003201
0.003045
0.002823
0.002992
0.003081
0.002922
0.002928
0.003138
0.00304
0.003158
0.002837
0.002892
0.002884
0.002853
0.002865
0.003098
0.003202
0.002886
0.003
0.003032
0.002786
0.002971
0.003075
0.002974
0.002837
0.003166
0.0031
0.002837
0.002906
0.002837
0.002922
0.002971
0.00295
0.003026
0.002842
0.002906
0.002843
0.002592
0.003003
0.002884
0.00284
0.002946
0.002824
0.003073
0.003083
0.003046
0.002849
0.002924
0.002947
0.002958
0.002927
0.003019
0.002891
0.002911
0.002952
0.00302
0.002938
0.002826
0.003064
0.003022
0.002929
0.002853
0.002936
0.002908
0.002845
0.003162
0.002876
0.003001
0.00301
0.003007
0.002947
0.002899
0.002927
0.003044
0.003094
0.002992
0.002873
0.00297
0.002954
0.002984
0.003148
0.0031
0.003039
0.002971
0.002936
0.003009
0.003132
0.00295
0.002909
0.003135
0.00287
0.002939
0.003097
0.002847
0.002876
0.002935
0.002925
0.002978
0.002952
0.002975
0.003002
0.002979
0.002843
0.003084
0.002907
0.002963
0.003018
0.003002
0.002886
0.002892
0.003108
0.003116
0.002808
0.002874
0.00296
0.003199
0.003032
0.002862
0.003087
0.003201
0.002949
0.002852
0.002873
0.003029
0.002911
0.002818
0.003094
0.003018
0.002894
0.002879
0.003062
0.003179
0.003031
0.002861
0.003078
0.002893
0.002962
0.002946
0.003158
0.002875
0.003042
0.00321
0.003173
0.002777
0.00323
0.00288
0.002867
0.002997
0.002918
0.002983
0.002878
0.002958
0.002886
0.003078
0.002882
0.002879
0.002935
0.003115
0.002967
0.00302
0.002776
0.003102
0.003069
0.002849
0.002925
0.002906
0.003029
0.002981
0.003007
0.003122
0.003025
0.002915
0.003029
0.00295
0.002985
0.002873
0.002964
0.003
0.002941
0.003128
0.00288
0.002931
0.002879
0.002967
0.002866
0.003018
0.002883
0.002977
0.002863
0.002894
0.002907
0.003097
0.002945
0.003018
0.003091
0.003094
0.00287
0.003005
0.002939
0.002879
0.003091
0.003045
0.003117
0.003099
0.00278
0.003057
0.002778
0.002949
0.002989
0.00289
0.002937
0.003008
0.002925
0.00302
0.002763
0.002867
0.00316
0.003048
0.003038
0.002929
0.002929
0.00283
0.002951
0.003103
0.002917
0.002843
0.003081
0.003018
0.003113
0.002984
0.002949
0.003051
0.003018
0.002933
0.002971
0.002886
0.00325
0.002975
0.003129
0.00296
0.002771
0.002941
0.002979
0.00289
0.002913
0.003007
0.002788
0.003087
0.003077
0.00289
0.003007
0.003175
0.002913
0.002914
0.003067
0.002935
0.002953
0.003059
0.002898
0.002719
0.003008
0.002981
0.003094
0.002998
0.00296
0.002959
0.002803
0.002904
0.003067
0.002901
0.002906
0.003134
0.003083
0.003111
0.002971
0.00299
0.002854
0.003018
0.003027
0.003068
0.002953
0.002826
0.002853
0.002977
0.002962
0.002901
0.002971
0.002927
0.00288
0.002918
0.002924
0.00325
0.002982
0.003056
0.002908
0.002994
0.003191
0.003082
0.003028
0.002993
0.002833
0.002911
0.002979
0.002707
0.002831
0.002956
0.002914
0.00288
0.002927
0.00297
0.003018
0.003135
0.002786
0.002927
0.002839
0.00304
0.002769
0.003053
0.002988
0.002922
0.002966
0.003093
0.002813
0.002948
0.002779
0.002823
0.003097
0.002868
0.002892
0.002986
0.003018
0.003079
0.003011
0.002908
0.002793
0.003059
0.002863
0.002878
0.002892
0.003023
0.002949
0.003072
0.002784
0.002918
0.00296
0.00315
0.003034
0.002804
0.002968
0.002931
0.002966
0.002884
0.003015
0.002925
0.002983
0.002942
0.002825
0.00299
0.003098
0.003004
0.003
0.003087
0.003096
0.002894
0.002849
0.002954
0.002952
0.003003
0.002958
0.002898
0.00298
0.002919
0.00326
0.002747
0.003042
0.003066
0.002897
0.002921
0.002962
0.002919
0.002894
0.002897
0.003045
0.002927
0.002921
0.002937
0.002928
0.002958
0.00297
0.002995
0.002947
0.002843
0.002822
0.002979
0.002915
0.002728
0.002856
0.002954
0.003097
0.003047
0.002818
0.003078
0.002999
0.002972
0.002921
0.002965
0.003105
0.002958
0.003014
0.002851
0.003031
0.002958
0.003173
0.003038
0.002863
0.002899
0.002994
0.002988
0.002837
0.003022
0.002902
0.003218
0.002957
0.00291
0.003096
0.002966
0.00295
0.002852
0.002901
0.003012
0.003165
0.002975
0.00304
0.002935
0.003053
0.00293
0.002823
0.002981
0.002982
0.002898
0.0029
0.002956
0.003057
0.002978
0.002937
0.002773
0.002889
0.003039
0.002861
0.002843
0.002881
0.00299
0.0028
0.002947
0.002961
0.002925
0.002955
0.002921
0.002966
0.003171
0.002813
0.003051
0.002893
0.003046
0.002988
0.002933
0.003021
0.002789
0.003083
0.00292
0.002909
0.00285
0.003057
0.002989
0.002874
0.00289
0.00311
0.003082
0.002967
0.003037
0.002818
0.002984
0.002879
0.00284
0.002993
0.002908
0.003051
0.002986
0.003021
0.002956
0.003049
0.002952
0.003078
0.002956
0.002981
0.002833
0.003049
0.002889
0.002994
0.002925
0.003041
0.003023
0.002845
0.00296
0.003049
0.002971
0.003076
0.003204
0.00292
0.002947
0.003015
0.003002
0.002923
0.003059
0.003041
0.002849
0.003143
0.002962
0.002837
0.002858
0.002989
0.003176
0.002962
0.003003
0.003117
0.002954
0.003151
0.002831
0.002978
0.003025
0.00301
0.003003
0.002991
0.003155
0.00291
0.00304
0.003126
0.003064
0.00292
0.003054
0.003012
0.002942
0.002857
0.002836
0.00304
0.002869
0.002921
0.002921
0.002939
0.003018
0.00296
0.002904
0.003034
0.00302
0.002917
0.003049
0.002913
0.003013
0.002941
0.003148
0.002979
0.003029
0.002847
0.002951
0.003059
0.00306
0.003038
0.003012
0.003137
0.002894
0.002977
0.003022
0.002858
0.002898
0.003108
0.003008
0.002997
0.003
0.002806
0.003012
0.002975
0.002861
0.003045
0.002983
0.003046
0.003005
0.00319
0.00301
0.002996
0.002935
0.003084
0.002896
0.002847
0.002881
0.002798
0.002969
0.002997
0.003027
0.00287
0.003056
0.003058
0.003128
0.003031
0.003135
0.003103
0.002906
0.003099
0.002926
0.003094
0.002972
0.002911
0.002949
0.00302
0.002964
0.00282
0.002916
0.002936
0.003089
0.003024
0.002901
0.003022
0.002857
0.003085
0.003152
0.002988
0.002894
0.002809
0.002929
0.002852
0.003224
0.002937
0.002975
0.002901
0.002884
0.003055
0.003082
0.003043
0.003008
0.00291
0.003148
0.00293
0.00321
0.002977
0.00301
0.002871
0.002902
0.002848
0.003051
0.002807
0.002797
0.002792
0.00286
0.002906
0.003033
0.003291
0.002976
0.002979
0.002934
0.002926
0.002835
0.003075
0.002836
0.003094
0.002919
0.003123
0.002863
0.002966
0.002952
0.002929
0.00295
0.002854
0.00293
0.003003
0.003017
0.002864
0.002909
0.002933
0.00299
0.003024
0.003
0.00294
0.002797
0.003059
0.002899
0.003261
0.003094
0.00295
0.003042
0.002944
0.002982
0.003014
0.002978
0.002717
0.002832
0.00291
0.00281
0.003055
0.00281
0.002891
0.002956
0.002985
0.003133
0.002797
0.002921
0.002961
0.002899
0.002978
0.003022
0.002981
0.00301
0.003003
0.002967
0.002946
0.003039
0.002965
0.002967
0.002878
0.002945
0.002984
0.003088
0.003221
0.00295
0.002866
0.002969
0.002975
0.002979
0.003049
0.003027
0.002894
0.003037
0.002901
0.003056
0.002948
0.002882
0.00308
0.003071
0.003141
0.002981
0.003085
0.003018
0.002975
0.003078
0.002922
0.003065
0.003149
0.003033
0.00296
0.002898
0.002874
0.002833
0.002873
0.002723
0.002924
0.002862
0.002817
0.002928
0.002827
0.002994
0.00291
0.003011
0.002921
0.003056
0.002989
0.003087
0.002809
0.002889
0.003033
0.003118
0.002939
0.002876
0.00292
0.002745
0.002898
0.002898
0.002857
0.0029
0.003038
0.002936
0.002904
0.002956
0.002867
0.002943
0.002955
0.003153
0.002904
0.002925
0.00288
0.002963
0.00306
0.003034
0.003013
0.003123
0.00298
0.003002
0.002916
0.003105
0.00299
0.002939
0.002997
0.002892
0.003174
0.003322
0.002892
0.00299
0.003177
0.00292
0.002969
0.002856
0.002915
0.002888
0.003053
0.002883
0.003028
0.002876
0.002939
0.002931
0.002828
0.002933
0.003073
0.003248
0.002917
0.002997
0.002968
0.002872
0.002943
0.003026
0.003
0.002821
0.00313
0.003035
0.002799
0.003038
0.002825
0.003023
0.002872
0.003097
0.002814
0.00276
0.003118
0.003011
0.002797
0.003004
0.003119
0.002955
0.002958
0.002807
0.002916
0.002897
0.002744
0.002935
0.002856
0.002789
0.002876
0.002951
0.003
0.002938
0.003085
0.002868
0.002854
0.002913
0.003131
0.002867
0.003001
0.002925
0.003028
0.003036
0.003089
0.002884
0.003007
0.002996
0.002913
0.003057
0.002933
0.003038
0.002931
0.003009
0.002816
0.002929
0.00296
0.003004
0.003052
0.003016
0.00297
0.003087
0.003005
0.002795
0.003038
0.00288
0.002948
0.00291
0.002999
0.003019
0.002922
0.003121
0.003088
0.002986
0.003
0.002958
0.002933
0.002912
0.003026
0.002984
0.003132
0.003138
0.003072
0.003006
0.002948
0.002837
0.002945
0.002853
0.003011
0.002948
0.003083
0.003005
0.002913
0.003031
0.002857
0.003026
0.002958
0.002973
0.003075
0.003142
0.002716
0.002988
0.002935
0.00299
0.002987
0.002992
0.002878
0.00294
0.002996
0.003083
0.003205
0.002962
0.003014
0.002998
0.003085
0.002854
0.002966
0.002845
0.002763
0.002817
0.002865
0.002884
0.002918
0.003011
0.003078
0.003049
0.002895
0.003116
0.003053
0.002892
0.003059
0.002846
0.002931
0.002987
0.002822
0.003096
0.002903
0.002908
0.002839
0.00289
0.00293
0.002962
0.002971
0.002986
0.00296
0.003031
0.002919
0.002854
0.002824
0.003036
0.002888
0.003242
0.002886
0.00293
0.003171
0.002977
0.003071
0.002998
0.00314
0.002825
0.002926
0.002918
0.002814
0.003115
0.002994
0.003181
0.002982
0.002906
0.003012
0.003081
0.003009
0.002987
0.00297
0.002889
0.002912
0.002986
0.003081
0.002945
0.00305
0.003069
0.003002
0.002971
0.002837
0.002924
0.00306
0.002958
0.003065
0.002849
0.002981
0.002917
0.002997
0.002973
0.003018
0.003106
0.00312
0.002812
0.003043
0.002962
0.003149
0.002892
0.002855
0.003024
0.002944
0.002887
0.002806
0.003146
0.003021
0.002893
0.002962
0.002933
0.003117
0.002911
0.002824
0.0031
0.002777
0.002964
0.002923
0.002955
0.003018
0.002887
0.002929
0.002967
0.002925
0.002828
0.003034
0.002954
0.002939
0.002917
0.003121
0.003016
0.002746
0.002942
0.003186
0.002864
0.00305
0.002719
0.002871
0.002858
0.002866
0.002816
0.003072
0.00309
0.002847
0.002875
0.00285
0.003012
0.003042
0.002886
0.00308
0.003014
0.003029
0.002989
0.002935
0.003027
0.003037
0.002931
0.002919
0.002894
0.003113
0.002861
0.002967
0.003124
0.003078
0.002893
0.003096
0.002961
0.002992
0.002912
0.002981
0.003108
0.00294
0.003064
0.002891
0.002943
0.003039
0.003072
0.002929
0.002947
0.002975
0.002961
0.003243
0.00289
0.002847
0.002839
0.002998
0.002975
0.002843
0.00302
0.002999
0.002815
0.003048
0.002837
0.002908
0.00282
0.003053
0.002927
0.002967
0.003063
0.003094
0.003042
0.003012
0.002944
0.002917
0.002736
0.002831
0.002937
0.002986
0.002994
0.003047
0.002904
0.002953
0.003062
0.002899
0.002937
0.003014
0.002762
0.002997
0.002925
0.00279
0.002872
0.002971
0.003117
0.002975
0.002933
0.003107
0.002957
0.002917
0.002948
0.003136
0.002895
0.003206
0.002937
0.002939
0.003018
0.003105
0.003025
0.003024
0.003051
0.002969
0.002914
0.002873
0.002835
0.002964
0.003025
0.0029
0.002946
0.002962
0.00298
0.002933
0.002974
0.002916
0.003262
0.003085
0.003051
0.002921
0.002983
0.002906
0.002935
0.003018
0.002958
0.002932
0.002992
0.003042
0.00296
0.00287
0.002966
0.002862
0.002845
0.002902
0.002968
0.002955
0.002792
0.002829
0.002979
0.002849
0.002961
0.00309
0.003031
0.00293
0.002947
0.002735
0.002945
0.002927
0.003011
0.002983
0.002855
0.002996
0.002872
0.002831
0.002862
0.002829
0.002952
0.002851
0.002939
0.002935
0.003015
0.002906
0.002727
0.002926
0.002995
0.003036
0.003049
0.002983
0.002935
0.002964
0.002866
0.002858
0.003251
0.003072
0.002938
0.002868
0.003152
0.003011
0.002913
0.003047
0.002919
0.003096
0.00299
0.002812
0.003024
0.002945
0.002817
0.003155
0.00299
0.00295
0.002877
0.002972
0.002928
0.002971
0.002968
0.0029
0.002936
0.002899
0.002891
0.002955
0.002931
0.002888
0.002938
0.003116
0.003076
0.002914
0.003018
0.002986
0.003096
0.002865
0.002877
0.002898
0.003022
0.002965
0.002913
0.002989
0.002882
0.002948
0.003101
0.002996
0.00314
0.002933
0.002964
0.002867
0.002868
0.002781
0.002905
0.002888
0.00296
0.003047
0.002886
0.002817
0.002964
0.003038
0.00315
0.00293
0.002947
0.003016
0.002816
0.003051
0.002977
0.003099
0.002946
0.003069
0.003069
0.002848
0.003093
0.002999
0.002897
0.002975
0.002866
0.00297
0.003018
0.002859
0.00304
0.00293
0.00292
0.003246
0.002888
0.003073
0.002951
0.003131
0.002832
0.002984
0.003042
0.002992
0.00287
0.002878
0.002886
0.002952
0.002917
0.003189
0.002983
0.002707
0.002924
0.00303
0.002874
0.002999
0.003063
0.002882
0.002936
0.002956
0.002834
0.003025
0.002868
0.00291
0.003005
0.003037
0.002939
0.002966
0.002861
0.002898
0.002952
0.003025
0.003062
0.002981
0.002913
0.00302
0.003114
0.003192
0.003049
0.002912
0.002911
0.00289
0.002869
0.002935
0.002973
0.003125
0.002916
0.002938
0.002972
0.002937
0.002975
0.002787
0.002977
0.002923
0.002944
0.003007
0.002924
0.002917
0.003108
0.003098
0.003086
0.002973
0.002908
0.003134
0.003104
0.002894
0.002964
0.003003
0.002867
0.00306
0.003025
0.002919
0.003143
0.003002
0.002829
0.003003
0.003123
0.003079
0.003088
0.002879
0.003009
0.002912
0.003014
0.002767
0.003041
0.003013
0.002905
0.003024
0.002919
0.002937
0.002896
0.002935
0.0029
0.00305
0.003062
0.002989
0.002954
0.002901
0.002782
0.002807
0.002937
0.002996
0.002983
0.002912
0.003066
0.002902
0.002978
0.00304
0.002998
0.003001
0.002948
0.002987
0.003097
0.002874
0.00277
0.002863
0.003014
0.002975
0.002888
0.002907
0.002971
0.002909
0.00289
0.002933
0.003018
0.002913
0.00292
0.003001
0.002948
0.00296
0.002799
0.00298
0.003111
0.002954
0.002904
0.003077
0.002841
0.002886
0.002976
0.002977
0.00306
0.002981
0.002979
0.002936
0.003039
0.003027
0.00295
0.002835
0.003046
0.002796
0.003049
0.002896
0.003141
0.002958
0.002986
0.002876
0.00282
0.002936
0.003115
0.003018
0.002965
0.002842
0.003108
0.002809
0.002989
0.002929
0.00301
0.002979
0.002886
0.002996
0.002759
0.003004
0.002867
0.002846
0.00294
0.003009
0.002813
0.003074
0.003222
0.003182
0.002931
0.002755
0.003221
0.002879
0.003037
0.002986
0.002896
0.002948
0.002892
0.00286
0.003002
0.002882
0.002872
0.00302
0.003099
0.003065
0.002935
0.003011
0.00308
0.003009
0.002786
0.002919
0.002845
0.002861
0.003091
0.002885
0.003056
0.002875
0.002847
0.002969
0.002961
0.002912
0.002928
0.002869
0.002934
0.003003
0.002857
0.002913
0.003014
0.003013
0.00316
0.003083
0.002899
0.002939
0.003121
0.002994
0.003361
0.002996
0.002762
0.00299
0.002811
0.002962
0.002954
0.002971
0.003008
0.002841
0.003078
0.003145
0.003108
0.002859
0.002939
0.002961
0.003087
0.002882
0.003004
0.003038
0.003
0.002886
0.002984
0.002917
0.003013
0.002887
0.002963
0.00294
0.002886
0.002935
0.003169
0.003014
0.002982
0.003049
0.002965
0.002981
0.003
0.002916
0.002845
0.00289
0.003037
0.00311
0.003016
0.00309
0.003055
0.003024
0.003087
0.0029
0.002939
0.002957
0.002808
0.002829
0.003003
0.003021
0.002828
0.002807
0.002858
0.003055
0.003026
0.002911
0.003179
0.002955
0.003113
0.003074
0.002903
0.003026
0.003033
0.003078
0.003078
0.003045
0.00296
0.002931
0.002926
0.003011
0.002829
0.002983
0.002879
0.002921
0.003171
0.002953
0.002923
0.003079
0.00296
0.003018
0.002892
0.002773
0.003029
0.002837
0.002888
0.002926
0.002897
0.002937
0.002939
0.002813
0.003012
0.00291
0.002853
0.002978
0.002866
0.002873
0.003099
0.003022
0.002874
0.002846
0.002919
0.003004
0.002893
0.003019
0.002999
0.003025
0.002902
0.003111
0.002809
0.003031
0.002926
0.002952
0.003019
0.002945
0.002957
0.002977
0.003141
0.003146
0.002945
0.00303
0.002915
0.003012
0.002839
0.002927
0.00296
0.002988
0.002874
0.002966
0.002928
0.002908
0.002843
0.002922
0.002892
0.002915
0.002926
0.002937
0.003008
0.002969
0.003001
0.003031
0.003062
0.002958
0.002939
0.002945
0.003029
0.002756
0.002956
0.003085
0.002937
0.002918
0.002934
0.002783
0.002981
0.002981
0.002928
0.003121
0.002906
0.00304
0.002947
0.002892
0.003044
0.002953
0.003003
0.003025
0.002857
0.002838
0.002947
0.002949
0.002866
0.0029
0.003109
0.003009
0.003063
0.00296
0.00298
0.003198
0.002949
0.002988
0.002893
0.003217
0.002916
0.002756
0.002967
0.002964
0.002969
0.002977
0.003127
0.00281
0.002925
0.00295
0.002919
0.002893
0.002984
0.002898
0.002893
0.002925
0.003164
0.003066
0.002949
0.002926
0.002977
0.002859
0.003035
0.003049
0.002718
0.003105
0.002966
0.00306
0.00289
0.00287
0.003014
0.002933
0.0029
0.003036
0.002975
0.00298
0.003101
0.002952
0.002896
0.003062
0.002937
0.002952
0.003037
0.002874
0.002884
0.003013
0.002972
0.002841
0.003072
0.002972
0.002884
0.002988
0.003071
0.002946
0.003184
0.002927
0.002949
0.002964
0.002908
0.003062
0.002908
0.002986
0.002933
0.002947
0.003088
0.003043
0.003038
0.00283
0.002788
0.003104
0.00299
0.002991
0.00311
0.002988
0.002783
0.002847
0.003094
0.002916
0.002941
0.002919
0.002917
0.002917
0.002909
0.003168
0.002844
0.003076
0.003009
0.002975
0.002961
0.002953
0.002953
0.002983
0.002999
0.002985
0.002826
0.002919
0.002954
0.00289
0.002926
0.003059
0.003099
0.002867
0.002884
0.002992
0.002977
0.002834
0.003025
0.002886
0.003001
0.00305
0.003133
0.002962
0.003251
0.002946
0.002908
0.002957
0.002749
0.003069
0.00326
0.002887
0.003003
0.002849
0.002956
0.002929
0.002927
0.003116
0.003094
0.002922
0.00315
0.003163
0.002978
0.002884
0.002974
0.003085
0.002839
0.002944
0.002939
0.002975
0.003051
0.003071
0.002862
0.002925
0.00292
0.002931
0.002862
0.002975
0.002864
0.002979
0.002964
0.003048
0.003017
0.002952
0.003151
0.003085
0.002938
0.002831
0.002956
0.002961
0.0031
0.003091
0.002964
0.002853
0.002898
0.003064
0.002983
0.002886
0.002894
0.002922
0.002879
0.002878
0.003028
0.003058
0.002989
0.002878
0.002974
0.002845
0.002996
0.003044
0.002893
0.003031
0.003198
0.003058
0.002825
0.00277
0.002935
0.003099
0.002995
0.002975
0.003009
0.003104
0.002894
0.002883
0.002958
0.002902
0.002892
0.002998
0.002946
0.002921
0.003057
0.002946
0.002992
0.003047
0.002844
0.003154
0.002682
0.002819
0.002851
0.003036
0.00295
0.003085
0.002943
0.002905
0.003034
0.002997
0.002908
0.002729
0.002861
0.003039
0.002947
0.003105
0.002846
0.002977
0.002874
0.00283
0.002906
0.002777
0.002972
0.003
0.002964
0.002814
0.003054
0.00301
0.002937
0.002857
0.002979
0.002832
0.00288
0.002864
0.003
0.002969
0.002979
0.002762
0.002961
0.002909
0.003068
0.002937
0.00314
0.00296
0.002925
0.002973
0.002934
0.002782
0.00293
0.003134
0.003033
0.002767
0.003013
0.002982
0.002925
0.002883
0.002923
0.003031
0.003036
0.002871
0.003054
0.002758
0.002845
0.002865
0.003069
0.003046
0.003042
0.00318
0.002884
0.002989
0.003064
0.002994
0.002946
0.002931
0.002924
0.002952
0.00288
0.003067
0.002863
0.002871
0.002872
0.002998
0.002945
0.002973
0.002973
0.002936
0.003127
0.002882
0.002962
0.002828
0.002927
0.00291
0.003005
0.002954
0.00308
0.002825
0.002937
0.002941
0.002998
0.002943
0.002968
0.002921
0.003031
0.003085
0.002849
0.002867
0.002927
0.002762
0.002852
0.002864
0.003049
0.003058
0.002954
0.002976
0.003039
0.002975
0.00281
0.002989
0.003014
0.002997
0.003035
0.002897
0.002996
0.002944
0.003002
0.003153
0.00306
0.002822
0.003029
0.002952
0.002969
0.003063
0.002991
0.00291
0.002901
0.002958
0.002931
0.003103
0.003089
0.002646
0.002876
0.002949
0.002849
0.002844
0.002958
0.002986
0.00296
0.003112
0.002948
0.002967
0.003046
0.003036
0.002917
0.002981
0.002889
0.003069
0.00319
0.003011
0.003028
0.002889
0.003122
0.003029
0.00288
0.00296
0.002944
0.003121
0.002983
0.00304
0.002935
0.002908
0.002924
0.00276
0.003022
0.003009
0.003138
0.002851
0.002993
0.002839
0.003069
0.002876
0.002906
0.00316
0.003085
0.003049
0.003069
0.002763
0.00299
0.002919
0.00309
0.002896
0.002954
0.002792
0.002934
0.002961
0.003031
0.002968
0.003044
0.00286
0.0029
0.002873
0.002769
0.002892
0.002935
0.003001
0.003015
0.002973
0.002843
0.002982
0.00296
0.003188
0.002906
0.002899
0.002956
0.002945
0.002972
0.002981
0.002975
0.003045
0.003069
0.002829
0.003103
0.002904
0.002757
0.002964
0.002841
0.003199
0.003006
0.002907
0.003127
0.003057
0.002929
0.002984
0.002987
0.003097
0.003036
0.00301
0.002993
0.002935
0.003037
0.002984
0.002876
0.002952
0.003045
0.00295
0.002924
0.002971
0.003005
0.0031
0.003001
0.002842
0.003019
0.002791
0.002828
0.00292
0.002947
0.00297
0.002882
0.003108
0.00297
0.003084
0.002966
0.003094
0.002915
0.00284
0.002768
0.00287
0.003
0.002981
0.00294
0.002857
0.002988
0.002913
0.003
0.002933
0.002945
0.003078
0.00311
0.00289
0.003053
0.002999
0.002982
0.003051
0.003025
0.002859
0.002863
0.00271
0.002886
0.002896
0.002967
0.002966
0.002784
0.002982
0.003058
0.002996
0.002883
0.00307
0.002954
0.003081
0.002979
0.003036
0.002795
0.003088
0.003178
0.002895
0.003046
0.002929
0.003009
0.00289
0.002905
0.003101
0.003125
0.003047
0.002929
0.003069
0.002935
0.002906
0.002891
0.002984
0.003114
0.003115
0.003012
0.003043
0.003019
0.002844
0.002829
0.003181
0.002976
0.002872
0.003133
0.002862
0.003158
0.002968
0.003115
0.002861
0.002908
0.003064
0.002937
0.003076
0.002883
0.00281
0.003019
0.003146
0.002901
0.00311
0.002946
0.002862
0.002943
0.002975
0.003051
0.003062
0.00302
0.003209
0.002848
0.00296
0.002928
0.003143
0.003026
0.002756
0.003152
0.002823
0.003103
0.003024
0.002988
0.003147
0.00287
0.002943
0.003004
0.002904
0.002888
0.003094
0.003184
0.003112
0.003002
0.003057
0.00284
0.0028
0.003098
0.003053
0.003111
0.003081
0.002901
0.002878
0.002991
0.00299
0.002979
0.00288
0.002882
0.00309
0.00296
0.003042
0.002948
0.002892
0.002806
0.002993
0.002875
0.003137
0.003047
0.002807
0.003016
0.00294
0.003034
0.002957
0.003012
0.003173
0.00291
0.002996
0.002847
0.002885
0.003026
0.002938
0.002888
0.00295
0.003138
0.002979
0.00298
0.003079
0.003072
0.002978
0.002893
0.002762
0.003001
0.002797
0.002843
0.003003
0.002896
0.003102
0.00304
0.003003
0.00297
0.00299
0.002975
0.002872
0.00308
0.002975
0.002955
0.002914
0.00305
0.003068
0.00313
0.002891
0.002956
0.002884
0.002974
0.003014
0.003011
0.002937
0.003065
0.002908
0.003031
0.003095
0.002873
0.002915
0.002845
0.003087
0.002993
0.003074
0.00295
0.002967
0.002911
0.002872
0.002872
0.003181
0.003117
0.00306
0.002986
0.002978
0.003044
0.002958
0.002953
0.003112
0.003163
0.002976
0.002748
0.002939
0.003149
0.002941
0.003047
0.002842
0.003018
0.00293
0.002958
0.002863
0.003126
0.003188
0.002964
0.003104
0.002994
0.002878
0.003031
0.002946
0.002875
0.003119
0.002855
0.002975
0.002962
0.002952
0.002833
0.003212
0.003001
0.002993
0.002893
0.002862
0.002939
0.002834
0.003148
0.002987
0.002814
0.002944
0.002881
0.003013
0.003087
0.003114
0.002827
0.00294
0.002975
0.002935
0.00287
0.002969
0.00302
0.002843
0.002941
0.002998
0.003158
0.002986
0.00302
0.003104
0.003115
0.002819
0.002965
0.003126
0.002934
0.002941
0.003022
0.002917
0.003006
0.002972
0.002969
0.002968
0.003074
0.003102
0.002867
0.002823
0.002983
0.002949
0.002981
0.00312
0.002935
0.002943
0.002994
0.002871
0.002942
0.002956
0.00277
0.002929
0.002935
0.002937
0.00302
0.002968
0.003106
0.00282
0.002937
0.003058
0.002956
0.003153
0.003163
0.00304
0.002955
0.002909
0.002925
0.002992
0.002934
0.002929
0.003088
0.003106
0.002964
0.00286
0.002833
0.003067
0.002766
0.003046
0.003231
0.003039
0.002932
0.003028
0.002938
0.002781
0.002845
0.003019
0.003043
0.002936
0.002979
0.002683
0.002894
0.002876
0.002865
0.00296
0.002919
0.003034
0.002869
0.002988
0.003055
0.002942
0.002985
0.002896
0.002877
0.002974
0.003113
0.00291
0.002978
0.003099
0.002867
0.002933
0.002924
0.002929
0.002925
0.00282
0.003037
0.003088
0.002996
0.002909
0.002977
0.00283
0.003109
0.00274
0.00313
0.002973
0.002917
0.002907
0.002877
0.002998
0.002818
0.003112
0.002948
0.002923
0.002948
0.002812
0.002858
0.002921
0.003012
0.002871
0.003016
0.002979
0.002969
0.002928
0.002968
0.002981
0.003091
0.003006
0.003103
0.002992
0.002845
0.00286
0.003234
0.003053
0.003024
0.00287
0.003097
0.00293
0.002892
0.002762
0.002904
0.00302
0.003137
0.002975
0.002892
0.002875
0.003114
0.00289
0.002886
0.002948
0.00288
0.003153
0.002833
0.002925
0.002969
0.002923
0.003092
0.003129
0.002823
0.002857
0.003067
0.00288
0.002971
0.003009
0.002853
0.002812
0.003189
0.003006
0.003079
0.002808
0.003071
0.003019
0.003051
0.002919
0.002894
0.003075
0.003039
0.003145
0.002973
0.002957
0.002982
0.003195
0.00286
0.003018
0.002896
0.003112
0.002874
0.002848
0.003007
0.002854
0.003001
0.003027
0.003117
0.002975
0.002989
0.002839
0.002769
0.003026
0.003118
0.00288
0.00298
0.002952
0.002822
0.003039
0.002954
0.002926
0.002961
0.002925
0.002966
0.003018
0.002979
0.002931
0.002954
0.003005
0.002817
0.002861
0.00289
0.002843
0.002961
0.002977
0.002912
0.003025
0.003194
0.002847
0.002928
0.002825
0.002936
0.003002
0.002905
0.002989
0.002956
0.003027
0.00287
0.002909
0.002803
0.003007
0.002964
0.002837
0.002988
0.002984
0.002927
0.003039
0.003008
0.003111
0.002875
0.003038
0.002959
0.002983
0.002968
0.0031
0.002841
0.003027
0.002975
0.00326
0.002896
0.002869
0.002954
0.003028
0.003114
0.002965
0.003005
0.002964
0.003116
0.00298
0.003023
0.002862
0.003031
0.00286
0.002882
0.003029
0.003082
0.002834
0.002988
0.003155
0.003069
0.003123
0.003036
0.002899
0.002977
0.002986
0.002796
0.002837
0.002899
0.00306
0.002861
0.002947
0.002986
0.00283
0.003043
0.003002
0.002778
0.003069
0.003018
0.00316
0.003033
0.003025
0.002838
0.00303
0.002876
0.002952
0.003093
0.003059
0.002838
0.002803
0.00296
0.002929
0.002918
0.00284
0.003058
0.00292
0.003129
0.003092
0.003057
0.003053
0.002975
0.002786
0.002816
0.002878
0.003033
0.002882
0.003036
0.002954
0.002975
0.002824
0.003064
0.002737
0.002966
0.002882
0.00301
0.002812
0.002852
0.002845
0.003053
0.002998
0.003285
0.003078
0.002871
0.003034
0.002919
0.003097
0.002976
0.002756
0.002974
0.002932
0.003019
0.003028
0.003096
0.003009
0.003034
0.003189
0.003098
0.002766
0.002901
0.003053
0.003077
0.003006
0.003101
0.003031
0.003029
0.003203
0.002917
0.002984
0.002952
0.002801
0.002966
0.003005
0.002858
0.002925
0.002964
0.002923
0.003011
0.002935
0.002984
0.003253
0.003032
0.002753
0.002957
0.002937
0.002858
0.002919
0.003023
0.00295
0.00296
0.0029
0.002874
0.002955
0.002982
0.003036
0.002946
0.003045
0.002939
0.002965
0.002966
0.002925
0.003126
0.002978
0.002925
0.003146
0.003129
0.002941
0.002937
0.003063
0.002958
0.003003
0.002833
0.002946
0.002955
0.003106
0.003093
0.00297
0.002988
0.00295
0.003022
0.002908
0.002819
0.002901
0.002973
0.002929
0.00291
0.003003
0.002916
0.002974
0.002979
0.003008
0.002894
0.00304
0.002983
0.002993
0.002998
0.003051
0.002821
0.002923
0.002996
0.00293
0.002862
0.002933
0.003055
0.00282
0.003011
0.003036
0.00304
0.003008
0.002824
0.002926
0.003029
0.003064
0.002999
0.002784
0.00306
0.00293
0.003002
0.002956
0.002875
0.003094
0.002932
0.003035
0.002922
0.003055
0.002999
0.002986
0.002946
0.002977
0.002921
0.003204
0.002952
0.003009
0.003034
0.00316
0.003132
0.002981
0.002968
0.002667
0.003221
0.00308
0.003136
0.003053
0.003014
0.003108
0.003052
0.003052
0.002945
0.003266
0.002969
0.00314
0.002935
0.002984
0.002885
0.002848
0.002882
0.003072
0.002962
0.0029
0.002993
0.002917
0.002981
0.003082
0.002967
0.002956
0.00284
0.002943
0.003207
0.003005
0.003111
0.002994
0.003097
0.002955
0.002935
0.002912
0.002936
0.002969
0.002768
0.003032
0.002984
0.003053
0.003051
0.002896
0.002991
0.002908
0.002789
0.00304
0.002958
0.002939
0.002925
0.003013
0.002841
0.002965
0.002879
0.003157
0.002906
0.002989
0.003036
0.002943
0.002964
0.002907
0.002862
0.002872
0.003001
0.003008
0.002991
0.003042
0.002956
0.00298
0.002931
0.002945
0.002948
0.002987
0.002951
0.002979
0.002882
0.002986
0.002905
0.003081
0.002793
0.003091
0.002786
0.003085
0.002866
0.003033
0.002986
0.003042
0.002937
0.00296
0.003002
0.003018
0.002827
0.003049
0.002837
0.003005
0.002975
0.002986
0.003014
0.003024
0.002977
0.002916
0.002867
0.002864
0.002981
0.002928
0.002939
0.002986
0.002984
0.003146
0.002945
0.002912
0.002971
0.002854
0.00298
0.002871
0.002992
0.00301
0.002998
0.002863
0.002849
0.00297
0.002975
0.002942
0.003004
0.002974
0.002939
0.002951
0.002954
0.002855
0.003016
0.002882
0.003096
0.002857
0.003012
0.003043
0.00302
0.002901
0.003092
0.002869
0.003054
0.002846
0.002914
0.002838
0.002981
0.003072
0.003006
0.003036
0.003001
0.00308
0.002939
0.002984
0.003003
0.002823
0.002983
0.00291
0.003031
0.002871
0.003013
0.003
0.003081
0.002853
0.002958
0.002779
0.003413
0.00304
0.002997
0.00299
0.002948
0.002975
0.002926
0.003018
0.002892
0.003121
0.00302
0.00284
0.003033
0.002968
0.002842
0.002828
0.00278
0.003018
0.00303
0.002859
0.002868
0.002859
0.003098
0.002827
0.002792
0.002961
0.002973
0.002931
0.002826
0.003161
0.002786
0.003092
0.002867
0.003082
0.002843
0.002906
0.003041
0.003064
0.002778
0.002927
0.002858
0.00292
0.003031
0.002786
0.003026
0.002759
0.003159
0.002985
0.002975
0.002987
0.003003
0.00287
0.002848
0.002839
0.002916
0.002973
0.003058
0.003026
0.003094
0.003124
0.002935
0.003005
0.00304
0.002966
0.002847
0.003073
0.002975
0.003012
0.00287
0.002934
0.00306
0.002774
0.003
0.002971
0.003105
0.002996
0.002952
0.003031
0.002958
0.003024
0.003056
0.003017
0.002998
0.003004
0.003009
0.002984
0.003012
0.003025
0.002896
0.003092
0.003029
0.002835
0.002986
0.002883
0.003066
0.003016
0.002949
0.003057
0.00281
0.002975
0.00303
0.002964
0.002851
0.002989
0.002801
0.00295
0.003034
0.002876
0.002867
0.002986
0.003045
0.003037
0.002937
0.003002
0.003051
0.003058
0.002818
0.002772
0.003003
0.003169
0.003161
0.002969
0.002879
0.002919
0.002917
0.002919
0.002825
0.003011
0.003125
0.00287
0.003071
0.002966
0.002886
0.002844
0.003034
0.002977
0.002786
0.002909
0.002809
0.002936
0.003045
0.002927
0.003027
0.002969
0.003
0.002986
0.002962
0.00308
0.003092
0.002889
0.003156
0.002811
0.003046
0.003037
0.003039
0.00296
0.002979
0.002831
0.002952
0.002909
0.003137
0.00293
0.002896
0.002812
0.003026
0.002976
0.002846
0.003002
0.003006
0.002956
0.003028
0.002902
0.003003
0.002928
0.003017
0.003068
0.002953
0.003009
0.002897
0.002921
0.003148
0.002898
0.002989
0.003021
0.002852
0.003071
0.003001
0.002914
0.002829
0.002862
0.003011
0.003074
0.003036
0.002966
0.002985
0.002926
0.003225
0.002933
0.002954
0.003014
0.002986
0.003146
0.003064
0.003153
0.002974
0.00289
0.003037
0.002952
0.003022
0.002973
0.002789
0.002903
0.002841
0.002993
0.002866
0.003057
0.003048
0.00314
0.003007
0.002971
0.002917
0.003046
0.002773
0.002954
0.002969
0.002987
0.003231
0.003095
0.003045
0.002907
0.002939
0.003103
0.003036
0.002782
0.002932
0.002945
0.003126
0.002956
0.003074
0.002927
0.003049
0.003053
0.002931
0.002861
0.002906
0.002979
0.00306
0.003003
0.002779
0.003111
0.002837
0.002785
0.002768
0.003129
0.002979
0.002936
0.003039
0.00296
0.002967
0.003019
0.002956
0.002833
0.002839
0.00299
0.003064
0.002994
0.002862
0.003187
0.002996
0.002934
0.002884
0.002851
0.003117
0.00301
0.002999
0.002956
0.002911
0.002963
0.002955
0.002928
0.003023
0.002833
0.002929
0.002971
0.00286
0.003102
0.002967
0.002962
0.002886
0.002955
0.002968
0.003118
0.002978
0.002971
0.002898
0.002996
0.003015
0.00289
0.002956
0.003117
0.002762
0.002979
0.003062
0.00302
0.003057
0.002898
0.003
0.002831
0.003007
0.002948
0.00284
0.003054
0.003066
0.002952
0.00297
0.002974
0.002945
0.002777
0.002847
0.00299
0.003102
0.002876
0.00302
0.002943
0.00297
0.002864
0.002928
0.002832
0.003014
0.002929
0.003091
0.002989
0.002927
0.002988
0.00286
0.002745
0.002948
0.002898
0.003014
0.002971
0.002849
0.003063
0.002929
0.00292
0.002963
0.002896
0.003106
0.003028
0.003087
0.002849
0.002973
0.002954
0.002976
0.003001
0.002862
0.002986
0.003081
0.002916
0.003103
0.002982
0.002815
0.003082
0.003042
0.002778
0.002816
0.003057
0.002929
0.002828
0.003106
0.003064
0.002981
0.003001
0.002863
0.003044
0.00304
0.003034
0.003124
0.002822
0.003056
0.002969
0.003058
0.002919
0.002981
0.00297
0.002917
0.002996
0.00296
0.002943
0.002981
0.002787
0.002824
0.002938
0.00299
0.003012
0.002973
0.002927
0.002915
0.00293
0.003011
0.002976
0.002965
0.002909
0.003051
0.00292
0.003054
0.003042
0.003066
0.002895
0.003
0.002875
0.002922
0.00298
0.002954
0.003183
0.00305
0.003181
0.003084
0.002929
0.002972
0.002923
0.002969
0.003025
0.00295
0.002837
0.002929
0.003161
0.003039
0.002812
0.003002
0.002799
0.002956
0.003043
0.003148
0.002802
0.002962
0.002968
0.003006
0.002937
0.002864
0.002865
0.00291
0.002859
0.002901
0.002975
0.003042
0.002962
0.002925
0.002927
0.003074
0.003007
0.002864
0.003122
0.003068
0.002899
0.002933
0.003057
0.003046
0.002952
0.002947
0.003077
0.003166
0.00307
0.002987
0.002897
0.003174
0.003086
0.003062
0.002886
0.002897
0.002837
0.003033
0.002937
0.002928
0.002978
0.003099
0.002978
0.003012
0.002841
0.002854
0.003086
0.002967
0.002881
0.002907
0.002954
0.003049
0.00289
0.002996
0.002925
0.003166
0.002898
0.002861
0.003018
0.003049
0.002878
0.002908
0.003098
0.002881
0.002999
0.00292
0.002946
0.002834
0.002857
0.002839
0.002886
0.003151
0.002989
0.002983
0.00308
0.00279
0.002896
0.002956
0.002945
0.00294
0.002962
0.002983
0.002869
0.002943
0.002969
0.002878
0.003009
0.00289
0.002957
0.00318
0.00301
0.003127
0.002933
0.002928
0.002895
0.002962
0.002988
0.002994
0.003044
0.002879
0.002782
0.003055
0.002866
0.002987
0.003099
0.0029
0.002853
0.002892
0.00309
0.00302
0.002926
0.002846
0.003013
0.002884
0.002927
0.00302
0.002987
0.002958
0.003067
0.002986
0.003027
0.00304
0.00315
0.003305
0.002912
0.003112
0.002919
0.002839
0.00302
0.002835
0.003083
0.002881
0.002939
0.002996
0.003016
0.002916
0.002932
0.002937
0.003027
0.003013
0.00291
0.003084
0.00311
0.002915
0.002919
0.003054
0.002938
0.002832
0.002971
0.002929
0.002971
0.003197
0.002888
0.003028
0.003012
0.003135
0.003065
0.002844
0.002853
0.002948
0.002895
0.00303
0.003254
0.002886
0.003207
0.002913
0.002775
0.003036
0.002861
0.002888
0.002937
0.00288
0.00298
0.002962
0.002918
0.002999
0.002916
0.002925
0.002958
0.003036
0.002985
0.003022
0.002969
0.002844
0.00288
0.002952
0.002687
0.00315
0.002871
0.003025
0.002825
0.002893
0.002965
0.002941
0.003023
0.002941
0.002866
0.003009
0.002914
0.002897
0.00296
0.003031
0.003011
0.00314
0.002875
0.002988
0.002969
0.003038
0.002925
0.003025
0.003078
0.002914
0.003015
0.002948
0.003057
0.003107
0.003083
0.003055
0.002747
0.003162
0.002875
0.002918
0.003006
0.002966
0.00295
0.003133
0.002893
0.003028
0.002913
0.003042
0.002939
0.002907
0.002886
0.002919
0.002998
0.002836
0.003078
0.002912
0.002966
0.003106
0.002901
0.002952
0.003087
0.003013
0.003118
0.003036
0.003062
0.00306
0.002849
0.0029
0.003035
0.002915
0.002944
0.002898
0.003214
0.002928
0.003146
0.003016
0.002986
0.002682
0.003092
0.002829
0.003004
0.003041
0.003057
0.003074
0.003153
0.003056
0.003089
0.003051
0.002919
0.003014
0.003125
0.00295
0.002799
0.002952
0.002931
0.002879
0.002975
0.002925
0.003057
0.003104
0.002853
0.002927
0.002907
0.003031
0.003122
0.002876
0.00295
0.003071
0.002901
0.003006
0.003144
0.002951
0.003005
0.003017
0.002864
0.002865
0.002947
0.002884
0.003228
0.002925
0.002967
0.002837
0.003079
0.00276
0.003023
0.003081
0.00295
0.002999
0.002959
0.003167
0.002968
0.002705
0.003079
0.003053
0.002997
0.003016
0.003051
0.003007
0.00309
0.002898
0.003054
0.002826
0.003245
0.002914
0.002857
0.003058
0.002796
0.00305
0.003058
0.003208
0.003039
0.003055
0.003015
0.002878
0.002999
0.002962
0.002965
0.002941
0.002839
0.002904
0.002914
0.002994
0.002991
0.002939
0.00297
0.002916
0.00306
0.002933
0.003129
0.002948
0.00299
0.002896
0.002967
0.002996
0.00289
0.002992
0.002886
0.002859
0.003042
0.003038
0.002966
0.003061
0.003073
0.002943
0.002984
0.003018
0.002909
0.002878
0.00298
0.002728
0.002851
0.002887
0.002853
0.002935
0.002919
0.002941
0.002923
0.003049
0.002764
0.003014
0.003074
0.002943
0.002909
0.003028
0.002916
0.002949
0.003069
0.003028
0.002901
0.002962
0.002952
0.002935
0.003123
0.002833
0.0029
0.002833
0.002889
0.002873
0.002975
0.002959
0.002841
0.002946
0.00299
0.002899
0.002992
0.002945
0.002942
0.002886
0.003069
0.00293
0.002912
0.003032
0.0029
0.002952
0.003099
0.00296
0.002906
0.003007
0.002926
0.002816
0.002805
0.002908
0.002898
0.002802
0.002858
0.002914
0.002946
0.002857
0.002857
0.002884
0.003015
0.003007
0.002857
0.002957
0.002913
0.003211
0.00299
0.00309
0.002844
0.002814
0.002822
0.002918
0.002989
0.002882
0.00304
0.003059
0.002796
0.002799
0.002847
0.003119
0.002969
0.002869
0.003165
0.003057
0.002923
0.002937
0.003025
0.002784
0.002795
0.003178
0.003082
0.003061
0.002885
0.003099
0.002847
0.003052
0.002845
0.00287
0.002756
0.003
0.002958
0.002979
0.00297
0.002863
0.003038
0.003152
0.002912
0.003062
0.002826
0.00295
0.002938
0.002968
0.00287
0.003081
0.002914
0.002856
0.002961
0.003036
0.002787
0.003046
0.002807
0.003072
0.002818
0.002987
0.002852
0.002919
0.003098
0.00306
0.002988
0.003014
0.003062
0.003126
0.002959
0.003138
0.00293
0.002867
0.003188
0.003123
0.003191
0.002939
0.002946
0.002927
0.002896
0.002864
0.002956
0.003093
0.00306
0.003222
0.002994
0.003088
0.00292
0.003062
0.002964
0.002926
0.002851
0.002888
0.002739
0.002903
0.00276
0.003109
0.002895
0.003058
0.002747
0.002818
0.002921
0.003046
0.003036
0.002883
0.003018
0.003001
0.002843
0.002878
0.002786
0.002891
0.002956
0.002927
0.002919
0.002779
0.003038
0.002934
0.003054
0.002969
0.002973
0.003077
0.003094
0.002988
0.002862
0.003074
0.002966
0.002787
0.002925
0.002942
0.002989
0.003001
0.002953
0.002775
0.002949
0.003065
0.002983
0.003033
0.002937
0.003121
0.003014
0.002917
0.002978
0.002892
0.002857
0.002956
0.00292
0.003014
0.003051
0.003114
0.00299
0.00297
0.003009
0.003072
0.002855
0.002827
0.003008
0.002911
0.003104
0.002731
0.002919
0.002898
0.00284
0.002959
0.002967
0.002956
0.00295
0.00295
0.00295
0.002775
0.002847
0.002855
0.003007
0.002973
0.00287
0.003158
0.002948
0.002827
0.00298
0.003167
0.002928
0.00312
0.003004
0.002929
0.002968
0.0028
0.002952
0.003025
0.003143
0.002988
0.002955
0.00304
0.00291
0.00321
0.002888
0.002968
0.003
0.002932
0.002913
0.002855
0.002929
0.002913
0.00296
0.002898
0.00296
0.003021
0.002969
0.003086
0.002837
0.003219
0.002942
0.003063
0.002983
0.002981
0.002765
0.002984
0.002979
0.003014
0.003022
0.002804
0.00308
0.002981
0.002937
0.002952
0.002855
0.002832
0.002864
0.002928
0.003013
0.003049
0.002955
0.002768
0.002908
0.00287
0.002929
0.002964
0.002978
0.002977
0.003163
0.002858
0.002746
0.003093
0.002949
0.002822
0.002968
0.00289
0.002939
0.003044
0.00286
0.003097
0.002969
0.002896
0.002978
0.003072
0.002862
0.002948
0.00312
0.002973
0.002998
0.002873
0.002986
0.002915
0.003034
0.002941
0.00296
0.003008
0.002951
0.002934
0.002954
0.002916
0.002923
0.002876
0.002997
0.002841
0.002874
0.00313
0.002979
0.003047
0.003031
0.003
0.002864
0.002884
0.002894
0.002915
0.002857
0.002958
0.003067
0.003218
0.002849
0.00314
0.002937
0.003174
0.002871
0.002809
0.002874
0.002926
0.002948
0.002953
0.002786
0.003113
0.00315
0.002975
0.00281
0.002995
0.002903
0.002794
0.002881
0.003046
0.00296
0.003012
0.002919
0.003119
0.002985
0.002941
0.002792
0.002999
0.002975
0.003048
0.002916
0.002912
0.003044
0.003029
0.002919
0.002951
0.002952
0.003025
0.002973
0.002859
0.002975
0.002923
0.002717
0.002915
0.002993
0.003009
0.002944
0.003171
0.003011
0.002764
0.003078
0.003219
0.002996
0.003091
0.002915
0.002889
0.003161
0.002977
0.002916
0.002825
0.002986
0.003107
0.003146
0.003079
0.003047
0.002961
0.003172
0.002928
0.002983
0.002879
0.003018
0.003068
0.003183
0.003072
0.002913
0.002994
0.002981
0.002937
0.002886
0.002933
0.002892
0.00299
0.002964
0.00302
0.003117
0.003106
0.002919
0.002803
0.003042
0.002846
0.002925
0.003014
0.002997
0.002926
0.002892
0.002844
0.002987
0.0029
0.002949
0.002905
0.002962
0.002882
0.003078
0.002943
0.002776
0.002991
0.002919
0.002939
0.003071
0.002827
0.003061
0.002811
0.003104
0.002949
0.002875
0.002881
0.002917
0.002989
0.003004
0.003081
0.003124
0.00282
0.00299
0.002925
0.003109
0.00296
0.002884
0.00314
0.002735
0.002907
0.002796
0.002894
0.003005
0.002965
0.002876
0.002846
0.002986
0.002828
0.002974
0.003002
0.002982
0.002952
0.002943
0.003135
0.002855
0.003059
0.002954
0.003026
0.003059
0.003026
0.002968
0.003009
0.002876
0.002994
0.003097
0.002946
0.002858
0.002978
0.002988
0.002847
0.003156
0.002937
0.003048
0.002996
0.002962
0.002849
0.002988
0.002917
0.002837
0.002867
0.002956
0.003047
0.002964
0.002911
0.003213
0.002828
0.002986
0.003002
0.002996
0.002872
0.003077
0.003071
0.002961
0.002959
0.002995
0.002897
0.002791
0.002748
0.003045
0.00312
0.002864
0.003014
0.002829
0.003007
0.002992
0.002935
0.002912
0.002892
0.002903
0.002933
0.003002
0.002785
0.002947
0.003104
0.00306
0.003008
0.002731
0.002857
0.002767
0.002917
0.002885
0.003034
0.002764
0.002992
0.002787
0.003049
0.002972
0.002973
0.002999
0.003077
0.002814
0.003007
0.002993
0.002919
0.002862
0.002908
0.002923
0.003009
0.002878
0.002882
0.002917
0.002825
0.003016
0.002931
0.002958
0.002996
0.003129
0.0029
0.002919
0.002899
0.002967
0.002886
0.002982
0.002873
0.002944
0.003014
0.002931
0.00294
0.003042
0.002886
0.002886
0.002986
0.003199
0.002759
0.003098
0.002987
0.003235
0.003036
0.002967
0.002837
0.003026
0.003198
0.002975
0.002766
0.002996
0.003039
0.002767
0.002945
0.002767
0.003039
0.002779
0.002814
0.002806
0.003029
0.002927
0.00288
0.00303
0.002921
0.002819
0.002867
0.002942
0.002914
0.002968
0.002911
0.002931
0.002969
0.002809
0.002922
0.00312
0.00304
0.003117
0.002981
0.003001
0.003102
0.003
0.003007
0.002798
0.002865
0.002909
0.002901
0.003108
0.003098
0.002979
0.002866
0.003051
0.002862
0.003044
0.0028
0.002965
0.002987
0.002973
0.003047
0.00288
0.002856
0.002865
0.002989
0.00309
0.002923
0.003029
0.002864
0.002947
0.002906
0.002967
0.002775
0.003003
0.002999
0.002888
0.002997
0.002849
0.003062
0.00284
0.00299
0.003137
0.002835
0.00288
0.00291
0.003145
0.003031
0.003048
0.003056
0.003159
0.002869
0.00306
0.00304
0.002991
0.002977
0.00327
0.003188
0.002984
0.002938
0.003189
0.002884
0.003002
0.002931
0.002943
0.002998
0.002893
0.003066
0.003143
0.00286
0.002835
0.003019
0.002999
0.003085
0.00307
0.002827
0.002928
0.003051
0.00301
0.002857
0.003024
0.002998
0.002839
0.002839
0.002919
0.002875
0.002895
0.002963
0.003036
0.002988
0.002935
0.002849
0.003097
0.002946
0.002919
0.003138
0.002896
0.002892
0.003001
0.003058
0.003083
0.002888
0.002969
0.002797
0.002897
0.00283
0.002954
0.003023
0.002867
0.00298
0.002851
0.002919
0.003122
0.003056
0.002874
0.00296
0.002828
0.002825
0.002853
0.003031
0.002947
0.002958
0.003036
0.002962
0.002865
0.002826
0.002764
0.002948
0.003097
0.003029
0.002956
0.002994
0.003029
0.002915
0.002925
0.0028
0.003009
0.00291
0.002969
0.003102
0.00282
0.002807
0.002996
0.003
0.002968
0.003049
0.002975
0.002954
0.002847
0.002812
0.002965
0.00297
0.00304
0.002866
0.002927
0.002972
0.002894
0.002977
0.00279
0.002977
0.002871
0.002847
0.003027
0.002927
0.002871
0.002959
0.00289
0.003065
0.003018
0.002935
0.003041
0.002859
0.00285
0.002941
0.003158
0.002993
0.002927
0.003007
0.002988
0.002946
0.003099
0.002903
0.002872
0.002807
0.002767
0.002971
0.002982
0.002867
0.002956
0.00289
0.002915
0.003192
0.003194
0.003131
0.003108
0.002925
0.002857
0.003031
0.002898
0.002913
0.002991
0.002982
0.003016
0.003023
0.002978
0.003191
0.002935
0.003061
0.003022
0.002946
0.0029
0.002921
0.002984
0.002865
0.003129
0.002982
0.002962
0.002996
0.003154
0.003078
0.002919
0.00296
0.003055
0.002949
0.003114
0.002907
0.00292
0.003028
0.003014
0.003089
0.003054
0.002916
0.003013
0.002968
0.002949
0.003067
0.002916
0.002892
0.003018
0.003034
0.002958
0.002958
0.003058
0.003099
0.002855
0.00287
0.0031
0.002996
0.002979
0.003044
0.002854
0.003028
0.002925
0.002901
0.003068
0.002901
0.002946
0.002905
0.003037
0.002888
0.003008
0.00296
0.003022
0.002929
0.00295
0.002994
0.002894
0.002884
0.003043
0.003092
0.002871
0.002905
0.003027
0.003016
0.002914
0.002863
0.002918
0.00296
0.002948
0.002924
0.002975
0.002952
0.003021
0.003009
0.002988
0.002836
0.002886
0.002934
0.002835
0.003146
0.002882
0.00309
0.002969
0.002941
0.002929
0.002923
0.002901
0.00299
0.002849
0.002892
0.002943
0.002828
0.003057
0.002969
0.002902
0.003048
0.003106
0.00298
0.002764
0.003029
0.002928
0.003008
0.003039
0.002967
0.002956
0.00276
0.002918
0.002905
0.00304
0.002877
0.003056
0.003007
0.003113
0.002912
0.002808
0.002911
0.002961
0.002886
0.002877
0.002914
0.002898
0.003034
0.002986
0.003051
0.002735
0.002896
0.002999
0.002973
0.00297
0.002999
0.003025
0.003015
0.002861
0.002928
0.002946
0.002764
0.002786
0.003092
0.003237
0.002847
0.00311
0.002823
0.003004
0.003023
0.002886
0.002908
0.003069
0.002966
0.002811
0.00274
0.002878
0.003
0.002887
0.002877
0.002887
0.002903
0.002788
0.002929
0.002977
0.002917
0.002987
0.002818
0.00283
0.002903
0.003034
0.002966
0.003048
0.002968
0.002904
0.002966
0.002994
0.003105
0.002946
0.003175
0.003164
0.002736
0.00288
0.003104
0.002857
0.003094
0.00302
0.002923
0.002901
0.003029
0.002934
0.002977
0.002935
0.002988
0.002961
0.003182
0.00288
0.002954
0.002929
0.002927
0.003042
0.003026
0.002961
0.002986
0.002933
0.002888
0.003062
0.002929
0.003112
0.002918
0.002943
0.002864
0.002931
0.002894
0.002986
0.003067
0.003159
0.002975
0.003003
0.002982
0.002813
0.003067
0.002878
0.002973
0.002903
0.002882
0.0029
0.002981
0.002891
0.003027
0.002931
0.002964
0.002939
0.002971
0.003012
0.003035
0.002873
0.00296
0.003017
0.003057
0.002946
0.002926
0.00308
0.002988
0.002882
0.003083
0.002856
0.00283
0.002993
0.002973
0.002976
0.002924
0.002971
0.00284
0.002902
0.002898
0.003122
0.003007
0.003031
0.002948
0.002919
0.002989
0.003179
0.003015
0.002986
0.002847
0.00294
0.002952
0.002893
0.002882
0.002841
0.002996
0.003034
0.002992
0.002906
0.002916
0.003141
0.002986
0.002761
0.003025
0.003103
0.003129
0.002962
0.003083
0.003023
0.002937
0.003131
0.003064
0.002939
0.002931
0.002975
0.002777
0.002941
0.003135
0.003138
0.002951
0.003032
0.002931
0.002939
0.002961
0.002838
0.002871
0.002867
