1.666099
1.687612
1.672862
1.650086
1.680141
1.703041
1.644689
1.652174
1.663808
1.638596
1.660566
1.714795
1.674336
1.713799
1.632058
1.700535
1.60708
1.615819
1.72973
1.658273
1.70068
1.626527
1.730104
1.6609
1.740402
1.703704
1.729242
1.686833
1.714801
1.677536
1.66494
1.687822
1.635359
1.741259
1.708405
1.571956
1.621429
1.568266
1.683274
1.710843
1.695726
1.695804
1.655172
1.735915
1.621622
1.683849
1.640934
1.634058
1.742857
1.781197
1.688442
1.708185
1.669014
1.705479
1.710758
1.619048
1.663158
1.722222
1.718464
1.667257
1.666667
1.7
1.695502
1.713193
1.757877
1.60217
1.716783
1.663778
1.727768
1.67033
1.615658
1.6121
1.637037
1.688811
1.79798
1.680141
1.684764
1.628227
1.68873
1.692042
1.675302
1.664179
1.597222
1.677966
1.701275
1.65365
1.694794
1.776199
1.599297
1.601351
1.722408
1.699825
1.68547
1.735192
1.632509
1.647458
1.746479
1.65371
1.664234
1.6942
1.68306
1.757983
1.69009
1.597222
1.698582
1.666034
1.784348
1.620387
1.691781
1.680815
1.698774
1.629116
1.717813
1.705263
1.665505
1.699482
1.591603
1.70979
1.720207
1.694118
1.740304
1.684397
1.630662
1.635739
1.576512
1.646847
1.706714
1.721254
1.676951
1.692035
1.725424
1.626335
1.725352
1.685811
1.65324
1.730298
1.706667
1.650735
1.65913
1.640138
1.630314
1.716783
1.66323
1.669794
1.632058
1.60644
1.70087
1.65343
1.658273
1.694737
1.687719
1.694118
1.615658
1.678756
1.692035
1.700176
1.734043
1.737226
1.714286
1.72695
1.678119
1.648115
1.632582
1.742905
1.663121
1.626043
1.745645
1.746141
1.696552
1.661597
1.712329
1.663653
1.738053
1.684575
1.730769
1.646429
1.693632
1.585586
1.693913
1.655914
1.681901
1.786207
1.592058
1.744144
1.682432
1.707317
1.700361
1.71381
1.77037
1.692047
1.686275
1.704745
1.634058
1.653979
1.681159
1.61183
1.683274
1.679214
1.641577
1.646209
1.738977
1.738832
1.636691
1.623902
1.662021
1.701342
1.670213
1.686747
1.683099
1.754685
1.727273
1.729537
1.646409
1.659051
1.636691
1.647887
1.757469
1.713222
1.725888
1.591474
1.723229
1.619694
1.646643
1.632933
1.646447
1.72549
1.636036
1.61939
1.67684
1.680284
1.611307
1.670068
1.658451
1.664903
1.644524
1.637343
1.634483
1.759292
1.705566
1.681661
1.597148
1.618182
1.703436
1.672072
1.655518
1.668359
1.703833
1.702422
1.70318
1.63964
1.690141
1.635398
1.624561
1.716753
1.639344
1.623446
1.60396
1.715753
1.724868
1.671533
1.751701
1.721649
1.688581
1.698246
1.615942
1.712838
1.710247
1.669065
1.683274
1.637288
1.73262
1.72617
1.784071
1.628829
1.780405
1.747405
1.584055
1.653097
1.655296
1.739895
1.63472
1.629893
1.666667
1.647687
1.72043
1.63227
1.709282
1.666667
1.654036
1.585237
1.704918
1.678082
1.768683
1.64476
1.61183
1.654321
1.605072
1.714286
1.653631
1.675
1.69708
1.676522
1.731239
1.678322
1.775044
1.628722
1.626263
1.640569
1.742504
1.637343
1.636684
1.565056
1.728595
1.667845
1.650558
1.714286
1.767123
1.72449
1.607692
1.721739
1.605634
1.59116
1.636364
1.695804
1.597846
1.575221
1.672253
1.637902
1.751724
1.600707
1.658451
1.641476
1.699825
1.654784
1.695886
1.647059
1.702422
1.642732
1.716814
1.6171
1.666099
1.7
1.688811
1.602812
1.594937
1.577855
1.67509
1.635688
1.610649
1.632933
1.613971
1.662692
1.712204
1.653571
1.671329
1.650519
1.594937
1.738351
1.704082
1.700348
1.709677
1.733096
1.710197
1.606557
1.663778
1.738832
1.732877
1.707904
1.747811
1.682927
1.675
1.716194
1.622302
1.637631
1.652952
1.705036
1.619926
1.610714
1.6
1.617329
1.679577
1.708185
1.657848
1.634058
1.682927
1.775401
1.65493
1.654577
1.65642
1.710345
1.637324
1.737123
1.717687
1.743017
1.602968
1.666093
1.716783
1.671815
1.754011
1.563964
1.724138
1.670711
1.677193
1.731959
1.664407
1.640934
1.553191
1.625
1.646429
1.676056
1.658363
1.657459
1.655172
1.661922
1.742857
1.664384
1.726795
1.702359
1.671329
1.675958
1.684764
1.775128
1.659794
1.691252
1.698113
1.690909
1.717857
1.628829
1.690972
1.638026
1.694737
1.655536
1.657848
1.733577
1.734729
1.655052
1.732877
1.669659
1.576642
1.604203
1.664884
1.69395
1.61079
1.712838
1.690685
1.70087
1.667857
1.682709
1.732419
1.615917
1.672355
1.77102
1.667832
1.716239
1.745331
1.662522
1.584229
1.655914
1.692833
1.738382
1.691228
1.695341
1.709845
1.732852
1.652482
1.727434
1.595668
1.753086
1.715808
1.669039
1.650177
1.689119
1.599303
1.675774
1.698113
1.614035
1.705036
1.638298
1.640212
1.590018
1.641115
1.783699
1.746528
1.679856
1.674419
1.588946
1.646853
1.681661
1.663685
1.716667
1.69863
1.725424
1.77931
1.724613
1.670103
1.734513
1.637011
1.66787
1.659649
1.684022
1.644828
1.630037
1.692035
1.622018
1.684391
1.629358
1.728988
1.687719
1.682927
1.624329
1.713249
1.746622
1.645614
1.658537
1.699275
1.695035
1.66171
1.719361
1.65042
1.759036
1.621053
1.610108
1.726465
1.691203
1.595855
1.690189
1.627826
1.707581
1.654054
1.689713
1.757983
1.655296
1.626102
1.681356
1.66171
1.640367
1.664311
1.752613
1.681109
1.715789
1.640653
1.612663
1.648276
1.750853
1.698305
1.597148
1.611307
1.742609
1.719064
1.630931
1.538739
1.644366
1.673684
1.699275
1.73545
1.735192
1.680815
1.715736
1.677536
1.647059
1.653137
1.617241
1.618375
1.616541
1.688213
1.653571
1.725086
1.672414
1.660714
1.696246
1.692308
1.672794
1.679012
1.651376
1.678883
1.629382
1.739286
1.734982
1.734545
1.688042
1.711152
1.641476
1.62309
1.701754
1.717277
1.702797
1.647059
1.684588
1.565378
1.590226
1.709898
1.690476
1.664865
1.736752
1.685092
1.635379
1.684783
1.675774
1.671848
1.683241
1.644214
1.653846
1.752475
1.667797
1.723776
1.666667
1.628319
1.666667
1.733333
1.722913
1.710714
1.68231
1.749117
1.640569
1.601423
1.646018
1.688969
1.673333
1.650624
1.642218
1.648696
1.707317
1.588462
1.674024
1.743945
1.625468
1.691508
1.650519
1.69258
1.674912
1.669596
1.669039
1.695575
1.671958
1.654804
1.662651
1.72093
1.64
1.597148
1.648746
1.766497
1.657244
1.709156
1.639399
1.584559
1.653097
1.679443
1.67354
1.72935
1.649374
1.652952
1.664384
1.725835
1.629758
1.657895
1.700704
1.594891
1.62298
1.707231
1.679144
1.657046
1.670796
1.62949
1.59646
1.653285
1.69395
1.739566
1.744027
1.675862
1.773913
1.627737
1.630037
1.672253
1.650735
1.706485
1.658703
1.788396
1.761989
1.655556
1.691525
1.610526
1.793919
1.663837
1.698384
1.648241
1.661654
1.643243
1.762938
1.706667
1.692568
1.775578
1.682927
1.716753
1.655914
1.725136
1.658887
1.667263
1.640934
1.618881
1.648936
1.611615
1.720848
1.651123
1.67803
1.656827
1.660245
1.645439
1.587591
1.686411
1.71949
1.715278
1.656307
1.710345
1.785714
1.66787
1.703316
1.687719
1.682432
1.757353
1.713755
1.68717
1.681979
1.691489
1.649635
1.663082
1.660177
1.771231
1.740675
1.597902
1.681736
1.659051
1.743945
1.693103
1.664311
1.619217
1.648084
1.707826
1.752182
1.736568
1.766551
1.654784
1.675182
1.635739
1.732174
1.74359
1.648506
1.651852
1.649446
1.652324
1.734729
1.682968
1.696649
1.763113
1.623446
1.742809
1.679144
1.742754
1.636042
1.62298
1.738676
1.657754
1.674497
1.658784
1.722704
1.656743
1.693694
1.79115
1.664311
1.724258
1.632058
1.632058
1.679856
1.578182
1.726937
1.587477
1.698962
1.634446
1.664921
1.772496
1.631206
1.733564
1.637324
1.671692
1.700176
1.731749
1.714286
1.690647
1.67354
1.684034
1.620072
1.710758
1.631206
1.67395
1.607985
1.630162
1.584121
1.757983
1.651206
1.6
1.620493
1.588015
1.696246
1.620626
1.625
1.64
1.71161
1.596987
1.679443
1.695035
1.656357
1.666068
1.660959
1.594982
1.701389
1.685353
1.689781
1.663653
1.611615
1.662432
1.753744
1.734899
1.680672
1.813875
1.668966
1.721008
1.776596
1.672014
1.673111
1.73545
1.69147
1.675
1.734729
1.685353
1.618875
1.755319
1.635701
1.676522
1.696203
1.699647
1.642218
1.745763
1.72
1.746377
1.685512
1.628942
1.679727
1.691489
1.697183
1.659963
1.753378
1.683478
1.645796
1.732877
1.714286
1.771044
1.642857
1.726644
1.68784
1.65247
1.691489
1.736842
1.679862
1.647059
1.6609
1.660312
1.681416
1.707407
1.658621
1.684746
1.650624
1.675768
1.660177
1.660959
1.685353
1.656827
1.714801
1.737762
1.682432
1.591474
1.603571
1.636998
1.671128
1.640068
1.671429
1.691002
1.687285
1.70123
1.615942
1.674024
1.655296
1.628415
1.719361
1.610909
1.666667
1.664903
1.695341
1.692845
1.696028
1.715771
1.707746
1.726384
1.67753
1.631858
1.718166
1.727599
1.669118
1.714789
1.625219
1.725777
1.691769
1.687943
1.72069
1.617261
1.640845
1.689594
1.701493
1.759717
1.686703
1.685714
1.67285
1.712785
1.623836
1.703154
1.640934
1.695431
1.635317
1.655058
1.721831
1.725753
1.773196
1.716338
1.606272
1.82548
1.653571
1.688226
1.603571
1.756667
1.747009
1.701389
1.695035
1.664384
1.64311
1.718696
1.57757
1.629358
1.715771
1.645522
1.693632
1.741007
1.7
1.712803
1.727768
1.682143
1.664286
1.73545
1.627737
1.634783
1.826855
1.682594
1.698925
1.672662
1.708333
1.678756
1.663043
1.638336
1.677758
1.700361
1.791096
1.717813
1.703448
1.662252
1.659722
1.678571
1.636042
1.725217
1.737762
1.642732
1.647635
1.661871
1.732441
1.669014
1.610018
1.63864
1.636015
1.669535
1.696552
1.679862
1.670068
1.711152
1.722913
1.676951
1.68972
1.664903
1.633645
1.693632
1.676259
1.638336
1.765112
1.68306
1.609589
1.629358
1.760141
1.708333
1.628829
1.714789
1.710247
1.761566
1.612688
1.711152
1.648313
1.65614
1.667785
1.729915
1.745063
1.634103
1.710247
1.667832
1.696203
1.75265
1.679727
1.619893
1.722973
1.680272
1.622505
1.663158
1.660312
1.671429
1.670034
1.714286
1.647458
1.717514
1.681159
1.666667
1.753571
1.682373
1.652803
1.717206
1.707231
1.625
1.546903
1.694859
1.658621
1.712785
1.660517
1.710297
1.670103
1.66548
1.643785
1.690685
1.707904
1.635727
1.648696
1.750446
1.624288
1.686067
1.673759
1.664234
1.719595
1.698384
1.755034
1.688266
1.702422
1.650685
1.639286
1.595707
1.712766
1.777778
1.69697
1.672131
1.654701
1.71831
1.709845
1.756944
1.784672
1.631399
1.633803
1.706865
1.71836
1.801325
1.614035
1.646259
1.747009
1.684397
1.64476
1.696246
1.627826
1.688172
1.614679
1.689895
1.66426
1.746141
1.694974
1.664093
1.633157
1.624138
1.702128
1.629496
1.628829
1.683099
1.727749
1.700348
1.671743
1.679144
1.737478
1.543278
1.675
1.615385
1.773381
1.632582
1.669145
1.722913
1.647668
1.682927
1.688442
1.725352
1.661871
1.628141
1.59387
1.66548
1.683636
1.713787
1.702422
1.669627
1.727273
1.614953
1.713299
1.679245
1.719595
1.623446
1.755932
1.68942
1.620939
1.712766
1.625
1.722523
1.621818
1.648148
1.619744
1.746835
1.65614
1.666068
1.659284
1.706714
1.606679
1.695205
1.624785
1.668449
1.660584
1.687075
1.69708
1.696864
1.686411
1.666081
1.691228
1.683656
1.643225
1.72402
1.755372
1.664311
1.648746
1.625
1.709402
1.693141
1.672241
1.679104
1.690909
1.645985
1.666075
1.688442
1.679144
1.700535
1.703448
1.645614
1.705983
1.663778
1.651865
1.687075
1.657754
1.752277
1.628571
1.661972
1.675393
1.65642
1.662609
1.713322
1.636364
1.697987
1.642599
1.723894
1.625
1.686542
1.672014
1.740214
1.696335
1.681356
1.685152
1.705224
1.642496
1.713787
1.686833
1.734024
1.700901
1.676471
1.682759
1.672913
1.686486
1.646429
1.659864
1.681507
1.664234
1.731092
1.632799
1.690435
1.701031
1.67033
1.620209
1.692573
1.688811
1.74171
1.660245
1.646048
1.772242
1.679856
1.687943
1.677643
1.632509
1.815385
1.628942
1.636986
1.681261
1.74359
1.806557
1.707746
1.667808
1.681574
1.708703
1.678245
1.718805
1.687285
1.607143
1.670103
1.62298
1.670068
1.721254
1.744227
1.649558
1.640367
1.612903
1.68306
1.66729
1.719595
1.675958
1.651079
1.623188
1.718412
1.673469
1.583181
1.717902
1.705193
1.701599
1.677419
1.748709
1.675875
1.732673
1.741379
1.641682
1.665468
1.684034
1.649186
1.604396
1.666667
1.697632
1.669691
1.65493
1.702128
1.68717
1.619217
1.617329
1.730298
1.694545
1.655797
1.644283
1.694352
1.660312
1.749141
1.686703
1.651852
1.604278
1.719237
1.705779
1.686924
1.702564
1.666055
1.793677
1.713311
1.694494
1.674825
1.712204
1.702564
1.627907
1.633094
1.660107
1.680702
1.656846
1.610487
1.72621
1.711775
1.706897
1.693161
1.733102
1.583477
1.658088
1.687943
1.719237
1.633562
1.632224
1.657343
1.671692
1.65371
1.630931
1.646235
1.708772
1.738676
1.732419
1.65035
1.671429
1.609929
1.66787
1.67354
1.633851
1.632799
1.629496
1.623656
1.732441
1.610811
1.666667
1.691743
1.672474
1.657658
1.683135
1.651568
1.642981
1.6609
1.669627
1.571695
1.620209
1.652174
1.636678
1.659341
1.685864
1.647913
1.677852
1.669627
1.664336
1.714286
1.623693
1.629758
1.674858
1.645485
1.694158
1.628159
1.722913
1.665505
1.637681
1.648551
1.624535
1.727428
1.757246
1.664407
1.743506
1.694737
1.588752
1.58669
1.676223
1.652921
1.718978
1.702206
1.689781
1.664921
1.626298
1.667238
1.727428
1.694444
1.71831
1.666055
1.691729
1.673179
1.686833
1.618018
1.731123
1.695652
1.723894
1.70798
1.710145
1.611684
1.728752
1.746429
1.664884
1.732865
1.715266
1.681736
1.65897
1.667238
1.708405
1.676626
1.681661
1.679595
1.642336
1.65233
1.708955
1.630017
1.689949
1.694158
1.750422
1.721831
1.723906
1.582143
1.683274
1.624113
1.65445
1.687612
1.652174
1.746269
1.649446
1.6951
1.654135
1.62963
1.719361
1.654701
1.701389
1.698384
1.638026
1.684783
1.671186
1.677966
1.695726
1.801012
1.662116
1.717813
1.609155
1.662566
1.673835
1.672662
1.706897
1.734024
1.689949
1.6171
1.590106
1.688969
1.631757
1.74171
1.61578
1.753744
1.723183
1.632799
1.648393
1.663043
1.723519
1.684028
1.713799
1.694545
1.709677
1.730897
1.702564
1.663194
1.659051
1.642478
1.798587
1.673043
1.744898
1.653846
1.659574
1.700337
1.644689
1.661538
1.716783
1.697842
1.666667
1.77592
1.633803
1.743243
1.655955
1.824916
1.641953
1.592129
1.574007
1.743501
1.644214
1.693662
1.683453
1.570342
1.698529
1.664311
1.709898
1.715808
1.571681
1.712281
1.677536
1.674825
1.62766
1.722127
1.702655
1.635739
1.636036
1.802559
1.652015
1.681109
1.722772
1.636364
1.70123
1.636364
1.669794
1.647687
1.689046
1.726351
1.69395
1.641115
1.633752
1.667233
1.7338
1.701544
1.72621
1.809524
1.682051
1.705373
1.734483
1.661818
1.784452
1.703833
1.667283
1.632432
1.612676
1.72549
1.656307
1.661591
1.788235
1.752182
1.708772
1.747049
1.674419
1.645833
1.716239
1.688811
1.716724
1.700516
1.730375
1.661818
1.671429
1.71777
1.68705
1.70903
1.652174
1.629358
1.673179
1.680734
1.671233
1.724613
1.655536
1.705686
1.671233
1.736746
1.628227
1.6875
1.772109
1.639576
1.687612
1.710758
1.708839
1.670669
1.659284
1.620567
1.682709
1.619565
1.726027
1.56
1.722973
1.742173
1.690346
1.620438
1.69009
1.632432
1.646429
1.694118
1.660107
1.673111
1.605839
1.67474
1.678756
1.710197
1.706195
1.64476
1.638026
1.635063
1.753472
1.731239
1.764298
1.710801
1.737542
1.705584
1.69
1.696763
1.670175
1.666667
1.673684
1.642857
1.741497
1.717105
1.648506
1.60149
1.739865
1.706897
1.62724
1.699083
1.631769
1.67642
1.650177
1.702055
1.806667
1.647727
1.719595
1.716667
1.632582
1.603509
1.622776
1.729636
1.585739
1.677064
1.709949
1.681507
1.650909
1.715254
1.768271
1.705263
1.740351
1.680272
1.618182
1.710758
1.653916
1.716846
1.640678
1.693122
1.668919
1.61597
1.735652
1.686747
1.6951
1.786184
1.753954
1.640449
1.642732
1.735507
1.643599
1.727586
1.598566
1.675
1.666075
1.741379
1.735395
1.647059
1.699275
1.685665
1.640741
1.653097
1.632432
1.665552
1.697917
1.632432
1.658703
1.745975
1.747475
1.718805
1.69844
1.701544
1.649718
1.642732
1.625
1.698962
1.66787
1.620035
1.679558
1.660036
1.753425
1.75
1.777778
1.651724
1.775832
1.786575
1.635009
1.6
1.73854
1.734729
1.66787
1.711775
1.697391
1.648054
1.67325
1.648696
1.631944
1.678571
1.654054
1.65371
1.725293
1.755245
1.7
1.74461
1.723519
1.650909
1.686869
1.709677
1.643494
1.758913
1.685665
1.590829
1.723661
1.7
1.644366
1.657941
1.567376
1.738806
1.664311
1.65338
1.594406
1.636036
1.707231
1.644991
1.651123
1.707143
1.64728
1.678883
1.667845
1.634103
1.702703
1.724739
1.634752
1.607706
1.650794
1.691228
1.669039
1.661485
1.719178
1.785589
1.720848
1.635701
1.65897
1.628829
1.682373
1.660245
1.639576
1.73928
1.690722
1.745331
1.674256
1.623902
1.629116
1.640489
1.662566
1.669091
1.654545
1.727116
1.631858
1.620253
1.721254
1.685152
1.692042
1.649819
1.693141
1.733577
1.667263
1.663043
1.710297
1.65913
1.712281
1.701906
1.6337
1.699812
1.732369
1.685121
1.746087
1.684564
1.64557
1.727434
1.763066
1.628159
1.715789
1.701068
1.707317
1.719595
1.707143
1.737478
1.722807
1.632058
1.686007
1.653979
1.715302
1.629893
1.658182
1.675302
1.648995
1.66323
1.703959
1.530075
1.703316
1.583333
1.697595
1.729167
1.644283
1.62807
1.633452
1.679715
1.680431
1.750446
1.622222
1.648115
1.703704
1.699647
1.696763
1.719361
1.697297
1.655629
1.671795
1.659208
1.710801
1.656028
1.639229
1.726433
1.671642
1.68984
1.699647
1.706806
1.697987
1.719039
1.730419
1.685353
1.682759
1.678245
1.72117
1.69395
1.69863
1.648995
1.623134
1.689482
1.711806
1.706897
1.68254
1.683241
1.636042
1.688969
1.688356
1.653571
1.65035
1.700535
1.660777
1.651246
1.623902
1.639098
1.73262
1.75592
1.702564
1.648551
1.65614
1.737123
1.65371
1.658273
1.599278
1.701389
1.685315
1.746377
1.732394
1.663551
1.666667
1.739437
1.702703
1.643527
1.662432
1.68717
1.644991
1.639286
1.633943
1.626298
1.676976
1.669506
1.689531
1.689214
1.670753
1.609403
1.666075
1.643599
1.652952
1.660517
1.743409
1.755672
1.690391
1.703578
1.686833
1.639286
1.703448
1.691429
1.676471
1.604203
1.619377
1.638596
1.671186
1.654822
1.797639
1.723549
1.693086
1.678119
1.682927
1.651408
1.676056
1.608856
1.689286
1.680284
1.609842
1.658363
1.636678
1.663685
1.671958
1.581056
1.632727
1.745645
1.68717
1.680135
1.661017
1.725777
1.738516
1.646859
1.593156
1.699301
1.648598
1.734483
1.646259
1.666093
1.664207
1.739927
1.66791
1.704584
1.606557
1.697183
1.717241
1.65493
1.703833
1.646048
1.745455
1.597043
1.711191
1.65
1.655536
1.647059
1.653137
1.776667
1.705479
1.610811
1.664845
1.734982
1.73638
1.762069
1.733333
1.710197
1.610294
1.650624
1.749175
1.689046
1.694974
1.627907
1.767285
1.651724
1.670841
1.702655
1.666081
1.663685
1.734694
1.621928
1.689464
1.721562
1.678756
1.653846
1.749553
1.644524
1.666081
1.618056
1.628975
1.742268
1.618375
1.67098
1.681109
1.669039
1.7557
1.715315
1.673611
1.719595
1.694974
1.729915
1.64
1.737882
1.681109
1.702797
1.649819
1.632727
1.665505
1.691252
1.71777
1.716216
1.734982
1.699647
1.652021
1.604167
1.733577
1.664884
1.673321
1.70318
1.744538
1.641405
1.675
1.728873
1.651865
1.77931
1.671378
1.609375
1.673913
1.658703
1.71529
1.725835
1.740806
1.642718
1.632224
1.683274
1.661017
1.669659
1.598579
1.687389
1.66494
1.669065
1.685921
1.617021
1.757679
1.683305
1.665493
1.644928
1.714286
1.618056
1.652632
1.673684
1.733096
1.671848
1.796134
1.671141
1.674825
1.620072
1.664903
1.690141
1.589091
1.715302
1.675393
1.648464
1.649913
1.690941
1.747368
1.719595
1.691781
1.640367
1.707317
1.680412
1.627486
1.715847
1.732441
1.641997
1.65324
1.795848
1.721254
1.699174
1.659574
1.717277
1.707826
1.810767
1.65233
1.635674
1.673043
1.723404
1.694245
1.742373
1.777003
1.696649
1.715315
1.653775
1.684588
1.627826
1.697074
1.704348
1.630551
1.676976
1.700516
1.692845
1.621521
1.688889
1.685279
1.664234
1.728395
1.628253
1.663748
1.651206
1.570397
1.665517
1.747871
1.684211
1.686341
1.622837
1.707718
1.652174
1.641208
1.65625
1.684588
1.660714
1.731034
1.64476
1.638596
1.784832
1.717608
1.734767
1.697674
1.602094
1.570423
1.678632
1.721739
1.71875
1.693632
1.729825
1.671848
1.642994
1.731959
1.677536
1.716753
1.742754
1.630282
1.684783
1.705882
1.657754
1.703571
1.736059
1.668394
1.643885
1.652952
1.617391
1.666667
1.764706
1.742504
1.600694
1.666087
1.588126
1.694683
1.624309
1.654804
1.671329
1.694397
1.661202
1.685185
1.765542
1.658621
1.704467
1.55595
1.684956
1.72973
1.744604
1.742647
1.688266
1.659864
1.658363
1.698384
1.663685
1.635398
1.632509
1.686703
1.596429
1.662021
1.734545
1.666667
1.663158
1.657238
1.683636
1.690189
1.66782
1.7307
1.725293
1.679181
1.699825
1.756345
1.730018
1.709091
1.667257
1.603509
1.638298
1.664957
1.692308
1.683849
1.723776
1.62226
1.739726
1.721925
1.643382
1.683837
1.721831
1.673394
1.725753
1.706522
1.667257
1.68717
1.670549
1.656604
1.656846
1.701068
1.718213
1.641379
1.694794
1.619211
1.681416
1.663808
1.657534
1.709402
1.736111
1.646209
1.636049
1.744681
1.747899
1.765542
1.688889
1.675676
1.66494
1.67753
1.645051
1.602837
1.646853
1.679466
1.651515
1.667883
1.613843
1.629496
1.607706
1.696751
1.657941
1.759863
1.635739
1.699825
1.740741
1.671642
1.629116
1.688042
1.68
1.655417
1.620438
1.680284
1.627417
1.554745
1.59646
1.622642
1.728571
1.702936
1.695271
1.746244
1.714286
1.702055
1.685864
1.685864
1.644891
1.724613
1.708839
1.685714
1.681818
1.728261
1.639515
1.638938
1.598604
1.688581
1.756944
1.646235
1.727586
1.773381
1.692586
1.675676
1.673401
1.698675
1.685353
1.682709
1.706619
1.72549
1.699831
1.650519
1.659649
1.678322
1.686131
1.649063
1.73928
1.678832
1.731707
1.761194
1.674419
1.644991
1.629758
1.690685
1.674074
1.633094
1.696113
1.687612
1.725424
1.650519
1.677536
1.682171
1.587302
1.69873
1.661142
1.658621
1.702128
1.658031
1.660839
1.676732
1.662522
1.7041
1.645439
1.638734
1.672794
1.683453
1.65324
1.664825
1.763371
1.663121
1.590822
1.680702
1.661765
1.782383
1.670711
1.627826
1.726619
1.674099
1.677419
1.648799
1.646235
1.746575
1.685619
1.683099
1.652952
1.636986
1.631387
1.657244
1.75592
1.616872
1.696864
1.646018
1.639405
1.744027
1.644128
1.702206
1.627178
1.662963
1.645714
1.677193
1.680672
1.697509
1.585321
1.67931
1.687075
1.697509
1.717314
1.609929
1.716239
1.598553
1.706897
1.595819
1.746881
1.704467
1.583643
1.667244
1.702055
1.620626
1.616943
1.674099
1.599284
1.669477
1.680272
1.7307
1.656357
1.631034
1.737478
1.677083
1.715328
1.703316
1.721429
1.627986
1.79932
1.703154
1.626891
1.679443
1.657143
1.71123
1.638261
1.65035
1.73357
1.729825
1.631579
1.699825
1.630662
1.679727
1.681319
1.63167
1.621908
1.690346
1.652632
1.744108
1.655052
1.742044
1.620751
1.733333
1.723292
1.659051
1.727116
1.710297
1.722222
1.622184
1.664286
1.536178
1.649913
1.677536
1.681648
1.630824
1.690435
1.632143
1.698816
1.617699
1.628571
1.747009
1.672662
1.70826
1.717813
1.721925
1.69258
1.694805
1.690141
1.633094
1.687389
1.717241
1.644524
1.681507
1.708633
1.724739
1.621716
1.681109
1.680284
1.654189
1.716846
1.583483
1.637931
1.720768
1.679417
1.671642
1.693662
1.652336
1.719928
1.801394
1.830156
1.732419
1.725136
1.740171
1.686067
1.65942
1.636684
1.626812
1.678082
1.684575
1.741348
1.692586
1.716312
1.676732
1.683274
1.619217
1.633851
1.62766
1.678571
1.657941
1.756614
1.738053
1.61939
1.772329
1.675042
1.639286
1.694397
1.698774
1.672131
1.680556
1.656846
1.712803
1.754647
1.701906
1.647458
1.703971
1.701068
1.666087
1.678049
1.712352
1.663748
1.701695
1.726496
1.685921
1.730375
1.671958
1.657848
1.696113
1.636042
1.642857
1.674912
1.699825
1.724868
1.736111
1.691769
1.732419
1.67029
1.682143
1.608618
1.637993
1.706806
1.65324
1.629371
1.728223
1.710884
1.670251
1.594203
1.713793
1.683656
1.652778
1.755102
1.714808
1.707401
1.633803
1.645756
1.698582
1.71777
1.628518
1.710843
1.759857
1.641577
1.614286
1.686924
1.642105
1.622302
1.7041
1.648696
1.659341
1.763066
1.683502
1.608108
1.698774
1.667832
1.641379
1.635112
1.721831
1.621993
1.695886
1.702655
1.548023
1.648881
1.581818
1.664845
1.730104
1.639286
1.582888
1.730375
1.658451
1.684764
1.617486
1.699647
1.737705
1.718696
1.635036
1.668394
1.696203
1.616872
1.68662
1.745704
1.725694
1.653516
1.684028
1.647495
1.660377
1.677643
1.647887
1.64557
1.620339
1.687389
1.649374
1.598527
1.719413
1.759863
1.660377
1.64663
1.681979
1.728873
1.678201
1.66787
1.704348
1.644283
1.65324
1.634752
1.664903
1.696028
1.673835
1.681004
1.690236
1.618538
1.716312
1.692042
1.68717
1.692833
1.684575
1.717687
1.678883
1.666667
1.660177
1.612431
1.72
1.674825
1.636964
1.619048
1.594982
1.733577
1.736301
1.643836
1.612208
1.727273
1.634103
1.646847
1.618692
1.651543
1.686957
1.714286
1.741935
1.711712
1.669565
1.696552
1.701818
1.646429
1.64311
1.664921
1.663194
1.677996
1.739927
1.651568
1.700704
1.615672
1.69287
1.728988
1.683849
1.649063
1.666081
1.619048
1.770035
1.709282
1.621053
1.681818
1.717277
1.658363
1.607018
1.708185
1.669691
1.616725
1.670103
1.743945
1.595156
1.680135
1.616088
1.678201
1.68547
1.623656
1.663837
1.730298
1.685353
1.66855
1.585965
1.636998
1.689531
1.71949
1.728223
1.645161
1.7041
1.674177
1.702564
1.695341
1.742268
1.660584
1.713793
1.60367
1.617747
1.654804
1.647059
1.675393
1.690647
1.666068
1.699145
1.650558
1.681416
1.592466
1.67509
1.706714
1.632887
1.708904
1.714286
1.667832
1.747405
1.680412
1.65625
1.676364
1.658451
1.677643
1.669014
1.723776
1.651123
1.642987
1.644991
1.615514
1.646853
1.631206
1.74271
1.674912
1.752961
1.679012
1.688356
1.556377
1.653516
1.638938
1.645985
1.675302
1.733102
1.735099
1.661765
1.623616
1.676626
1.714765
1.683019
1.687919
1.685393
1.583181
1.743945
1.694444
1.568266
1.77551
1.650909
1.73262
1.686411
1.628829
1.713799
1.661597
1.686411
1.72242
1.650177
1.725557
1.673179
1.701068
1.603509
1.666667
1.682759
1.715789
1.737649
1.724382
1.674658
1.666667
1.701389
1.62724
1.750877
1.67931
1.744681
1.68
1.738053
1.553539
1.636364
1.673993
1.65812
1.638889
1.732888
1.722222
1.700535
1.657343
1.677193
1.713299
1.716912
1.600713
1.675774
1.649718
1.70632
1.640569
1.773519
1.684397
1.65096
1.773913
1.741294
1.642726
1.709619
1.708633
1.672414
1.737815
1.728752
1.602058
1.691508
1.643739
1.665517
1.762653
1.6
1.743056
1.681661
1.688073
1.626761
1.718805
1.642105
1.649446
1.628722
1.672978
1.650909
1.65096
1.763251
1.612319
1.666667
1.691252
1.722222
1.764298
1.677643
1.642478
1.739583
1.672913
1.60644
1.616637
1.778559
1.660441
1.659341
1.725835
1.680272
1.712281
1.696335
1.706714
1.703571
1.670103
1.68717
1.644366
1.658182
1.584229
1.689286
1.68
1.695035
1.681507
1.719858
1.684956
1.661376
1.699647
1.65704
1.70922
1.66426
1.718919
1.696335
1.719361
1.662162
1.602837
1.605684
1.695886
1.696864
1.636364
1.760274
1.690391
1.610714
1.692573
1.614679
1.69863
1.723519
1.577413
1.663653
1.628472
1.67474
1.672297
1.670175
1.618519
1.660584
1.671429
1.700535
1.73545
1.66725
1.674912
1.695035
1.672662
1.687075
1.660177
1.690972
1.627826
1.732143
1.728522
1.673835
1.605634
1.662021
1.624348
1.608919
1.638554
1.738843
1.701906
1.711893
1.681159
1.730973
1.692573
1.651246
1.657343
1.716783
1.632224
1.67148
1.70297
1.640569
1.638298
1.716216
1.68386
1.691228
1.619893
1.702048
1.718644
1.605893
1.704251
1.721014
1.735507
1.710197
1.61552
1.750433
1.71529
1.686833
1.722704
1.698246
1.688266
1.683824
1.684575
1.633508
1.648506
1.690972
1.710297
1.674589
1.73913
1.671848
1.708904
1.723133
1.682968
1.757469
1.748691
1.681979
1.69
1.614973
1.658621
1.594937
1.590664
1.65897
1.724739
1.664865
1.700176
1.610018
1.724958
1.62963
1.641953
1.677876
1.725835
1.65704
1.690821
1.658182
1.65324
1.608541
1.620438
1.706195
1.655052
1.640367
1.652174
1.64476
1.672014
1.611111
1.664884
1.568905
1.640934
1.64557
1.712766
1.673913
1.639775
1.697391
1.581882
1.676157
1.733333
1.693913
1.622103
1.683656
1.623288
1.565062
1.696028
1.798291
1.684764
1.717431
1.72232
1.635739
1.663653
1.692308
1.672414
1.771523
1.645796
1.691525
1.719858
1.641577
1.746193
1.655052
1.670886
1.621622
1.627826
1.686957
1.681979
1.669014
1.723292
1.704505
1.622302
1.704745
1.679577
1.683478
1.679595
1.69009
1.711304
1.704797
1.765517
1.690972
1.720354
1.657848
1.690236
1.634752
1.782456
1.664957
1.678571
1.662692
1.631103
1.67395
1.724771
1.719533
1.665517
1.758123
1.67893
1.686275
1.647863
1.669014
1.606498
1.734242
1.744755
1.721739
1.66436
1.752182
1.625668
1.695652
1.666093
1.610909
1.683636
1.706619
1.712766
1.699115
1.712803
1.638938
1.606957
1.671329
1.636684
1.723661
1.689119
1.628722
1.672297
1.684211
1.682709
1.609672
1.634446
1.724014
1.621818
1.722704
1.658716
1.655797
1.682143
1.612663
1.733333
1.663685
1.672535
1.715771
1.740864
1.631399
1.686703
1.620387
1.679144
1.746032
1.576779
1.742044
1.653846
1.643243
1.705983
1.787456
1.688496
1.688042
1.659051
1.635036
1.644444
1.692573
1.662478
1.752151
1.720768
1.763478
1.783394
1.662432
1.61235
1.609236
1.679856
1.754561
1.662021
1.681063
1.697715
1.662338
1.650794
1.672072
1.703704
1.682119
1.729636
1.622711
1.784512
1.674099
1.587922
1.668488
1.630397
1.733564
1.609489
1.691228
1.655914
1.775128
1.570881
1.618875
1.630769
1.696429
1.6
1.670068
1.676732
1.745704
1.731239
1.620626
1.678201
1.653516
1.750831
1.68873
1.700516
1.667257
1.682657
1.651246
1.635063
1.710758
1.747573
1.701754
1.63986
1.627178
1.702359
1.688136
1.605166
1.709343
1.627486
1.678245
1.828571
1.683135
1.631387
1.631841
1.64539
1.628319
1.660107
1.65045
1.683478
1.775087
1.713768
1.696028
1.734062
1.642981
1.66436
1.71223
1.689531
1.693141
1.634483
1.670213
1.707052
1.726465
1.711475
1.721831
1.676522
1.710345
1.631769
1.691508
1.615108
1.748276
1.663685
1.702899
1.710092
1.708633
1.777003
1.693989
1.657754
1.740541
1.59116
1.729915
1.726027
1.687612
1.69708
1.654676
1.685665
1.65283
1.706195
1.699324
1.715266
1.663717
1.673469
1.672862
1.680135
1.615658
1.735714
1.760417
1.725888
1.713768
1.678082
1.722127
1.694545
1.707746
1.679443
1.707401
1.685512
1.613357
1.607407
1.672978
1.685279
1.772358
1.612245
1.692833
1.637343
1.614545
1.659359
1.642478
1.691508
1.689119
1.640152
1.696113
1.718644
1.657658
1.662522
1.694444
1.608611
1.738351
1.683636
1.698492
1.633218
1.613357
1.74461
1.667845
1.661922
1.617391
1.724508
1.603774
1.607843
1.649186
1.721254
1.698384
1.706195
1.659051
1.716216
1.681895
1.713787
1.66782
1.649737
1.631206
1.781879
1.739602
1.597938
1.613767
1.625926
1.641739
1.612457
1.642612
1.679466
1.696429
1.694631
1.657848
1.621053
1.778947
1.692593
1.724014
1.680284
1.696335
1.705263
1.645796
1.728752
1.793103
1.655405
1.659864
1.684015
1.674419
1.654054
1.702422
1.689655
1.6875
1.638989
1.721088
1.654701
1.665505
1.65371
1.686067
1.659259
1.716312
1.668966
1.697793
1.672535
1.696552
1.664336
1.692308
1.671329
1.671958
1.649718
1.676259
1.68306
1.634551
1.69395
1.671958
1.646447
1.6171
1.658451
1.705674
1.704467
1.662732
1.661485
1.70438
1.686486
1.6787
1.705151
1.665493
1.646643
1.66426
1.682482
1.665441
1.562069
1.732865
1.711835
1.731293
1.697632
1.609319
1.677656
1.70826
1.657993
1.680851
1.609075
1.559928
1.731707
1.674024
1.726351
1.659051
1.761989
1.67632
1.710924
1.701843
1.718593
1.663082
1.584507
1.715243
1.713805
1.649374
1.746881
1.664286
1.697479
1.703041
1.68984
1.699463
1.734694
1.711268
1.680556
1.739583
1.680431
1.708333
1.676692
1.627417
1.724014
1.737977
1.688496
1.743151
1.703959
1.696335
1.753043
1.629371
1.680891
1.663685
1.661376
1.71223
1.693122
1.582301
1.758865
1.642732
1.630037
1.717813
1.759036
1.622018
1.648551
1.673394
1.723661
1.671141
1.658802
1.565543
1.824742
1.68306
1.716446
1.67325
1.623288
1.608919
1.618056
1.645522
1.643785
1.769369
1.648746
1.757072
1.715771
1.687606
1.713761
1.710843
1.729927
1.662566
1.690909
1.608775
1.745704
1.683099
1.685714
1.598566
1.606218
1.675393
1.590494
1.641476
1.788945
1.707052
1.72617
1.709898
1.666105
1.701389
1.730956
1.75
1.618214
1.608466
1.668394
1.622302
1.692857
1.638418
1.684764
1.727434
1.636042
1.727434
1.729537
1.66725
1.692857
1.720508
1.679577
1.626168
1.691525
1.551471
1.678967
1.726795
1.745063
1.669014
1.62406
1.656716
1.676626
1.686067
1.798261
1.675676
1.609756
1.763113
1.696429
1.631103
1.73545
1.632582
1.70123
1.703571
1.64076
1.689655
1.596226
1.649374
1.744604
1.654701
1.689895
1.637383
1.622449
1.662069
1.70087
1.706522
1.614841
1.631034
1.708772
1.636054
1.667832
1.624088
1.678756
1.65035
1.621818
1.598592
1.629503
1.674419
1.642981
1.699825
1.727749
1.65365
1.648241
1.617174
1.696113
1.714286
1.601476
1.697715
1.652632
1.698246
1.678632
1.759729
1.6875
1.577617
1.725
1.664336
1.618018
1.679715
1.6102
1.67395
1.666667
1.708054
1.654649
1.740614
1.616637
1.680961
1.820998
1.72093
1.656637
1.669477
1.601436
1.620818
1.705779
1.65704
1.744828
1.656307
1.660714
1.717073
1.662162
1.652324
1.672913
1.672414
1.606498
1.720539
1.722543
1.667845
1.639515
1.698182
1.659051
1.697715
1.655046
1.749583
1.650519
1.645951
1.631858
1.692586
1.679144
1.692308
1.662021
1.639286
1.684575
1.58042
1.657848
1.721014
1.738676
1.702703
1.633157
1.633277
1.600726
1.735652
1.724907
1.652174
1.652985
1.664903
1.663265
1.717105
1.751748
1.667263
1.637681
1.655914
1.661485
1.70639
1.667263
1.691489
1.65493
1.708108
1.642987
1.705882
1.619926
1.699647
1.67642
1.546573
1.638596
1.61745
1.721831
1.678201
1.659498
1.596396
1.675182
1.59292
1.665552
1.772806
1.679417
1.627306
1.751748
1.670932
1.660777
1.678119
1.71223
1.639929
1.777015
1.737931
1.659649
1.728926
1.586837
1.681261
1.665441
1.670753
1.702936
1.635088
1.675768
1.677083
1.701818
1.729055
1.685353
1.702655
1.662609
1.743243
1.599278
1.649485
1.689594
1.675485
1.65653
1.703833
1.714783
1.699301
1.625668
1.657941
1.654804
1.666667
1.681004
1.683398
1.654545
1.740304
1.6875
1.620387
1.716878
1.688969
1.635359
1.667832
1.676732
1.707317
1.692029
1.758865
1.694245
1.653199
1.723364
1.666667
1.684588
1.638686
1.692845
1.663194
1.718861
1.587814
1.694545
1.724739
1.669039
1.677193
1.698046
1.633562
1.645338
1.671958
1.59707
1.714286
1.772496
1.614035
1.678632
1.73
1.713287
1.660566
1.732888
1.69697
1.727915
1.701275
1.710297
1.766607
1.689214
1.709156
1.664336
1.573237
1.737882
1.664207
1.72242
1.703204
1.669691
1.710392
1.762832
1.667257
1.63964
1.598616
1.694444
1.660839
1.634446
1.742044
1.719237
1.635379
1.613843
1.688805
1.792746
1.643739
1.764103
1.62243
1.772109
1.742647
1.733333
1.679577
1.688969
1.712747
1.6141
1.655652
1.789809
1.680556
1.609108
1.678201
1.655052
1.655046
1.621908
1.698962
1.57672
1.663717
1.717352
1.70318
1.764065
1.720508
1.657941
1.702899
1.732143
1.688969
1.662478
1.735192
1.776667
1.621441
1.734024
1.581056
1.636054
1.718805
1.599278
1.700516
1.618182
1.614159
1.732419
1.771331
1.646429
1.658784
1.718261
1.612903
1.746528
1.67509
1.754579
1.660517
1.739425
1.652778
1.711775
1.746244
1.711775
1.726667
1.623446
1.735714
1.730185
1.681979
1.69009
1.719658
1.653333
1.679144
1.630037
1.716287
1.703448
1.634483
1.7022
1.731239
1.61324
1.707563
1.66843
1.663837
1.673394
1.728055
1.616698
1.687943
1.721008
1.65913
1.639515
1.687389
1.771231
1.630435
1.673111
1.676056
1.689354
1.709845
1.615942
1.70087
1.712256
1.688969
1.669065
1.673684
1.712281
1.689895
1.77425
1.610619
1.700516
1.663043
1.718166
1.660312
1.690391
1.651543
1.745455
1.56391
1.795987
1.637681
1.670932
1.674766
1.788927
1.72117
1.650086
1.619048
1.675579
1.643243
1.688581
1.691203
1.672414
1.693141
1.610619
1.699647
1.685512
1.728522
1.712352
1.730375
1.725557
1.663685
1.706806
1.652174
1.672932
1.674576
1.711304
1.726465
1.705779
1.616341
1.677996
1.666075
1.672794
1.714789
1.669659
1.657718
1.780776
1.702655
1.611993
1.715789
1.762162
1.589649
1.632867
1.658182
1.647706
1.632302
1.710623
1.719424
1.677758
1.6171
1.686747
1.763401
1.716783
1.602914
1.659722
1.688073
1.6875
1.704225
1.708543
1.737201
1.667808
1.638261
1.8
1.666087
1.667276
1.63167
1.720768
1.664845
1.646018
1.697715
1.70922
1.715278
1.73928
1.682143
1.637343
1.625632
1.780069
1.725217
1.691743
1.673401
1.604278
1.612782
1.727273
1.634686
1.666667
1.673111
1.707317
1.670753
1.551601
1.616341
1.652021
1.696667
1.614973
1.635398
1.617486
1.65653
1.69287
1.712352
1.593583
1.657848
1.698384
1.645485
1.748252
1.649524
1.715266
1.659574
1.689119
1.643885
1.733788
1.658451
1.706485
1.659649
1.741818
1.685393
1.702655
1.616056
1.680272
1.657143
1.691508
1.756345
1.751295
1.61326
1.660441
1.609155
1.731034
1.733333
1.743151
1.73638
1.632302
1.728027
1.68
1.624549
1.727915
1.730835
1.625455
1.677193
1.632432
1.685279
1.706985
1.696113
1.627993
1.607407
1.663194
1.701818
1.703571
1.651282
1.628159
1.706714
1.6942
1.736041
1.616236
1.717431
1.585492
1.699831
1.633752
1.680851
1.656566
1.723757
1.609403
1.684764
1.705566
1.675
1.625455
1.688266
1.702797
1.778894
1.753378
1.728873
1.630162
1.731183
1.579737
1.68984
1.744828
1.731239
1.708772
1.682432
1.721562
1.683656
1.648995
1.644828
1.676951
1.664884
1.56338
1.688496
1.682373
1.618718
1.738977
1.713311
1.67325
1.669118
1.687719
1.65371
1.657439
1.601463
1.719928
1.589928
1.706714
1.681159
1.754386
1.673913
1.730104
1.706422
1.636364
1.681481
1.626335
1.740675
1.672662
1.629371
1.627586
1.688496
1.6942
1.600719
1.727599
1.621343
1.72093
1.739286
1.719178
1.724508
1.701818
1.745331
1.667263
1.671587
1.741472
1.626335
1.669565
1.777778
1.669565
1.636042
1.771721
1.746528
1.624573
1.65411
1.655536
1.587477
1.66782
1.677064
1.69844
1.775862
1.678832
1.739895
1.777003
1.701695
1.677305
1.614841
1.646853
1.759292
1.640411
1.618018
1.699831
1.735849
1.732639
1.769231
1.623188
1.641953
1.656743
1.689895
1.685353
1.707904
1.664286
1.614286
1.703571
1.629496
1.703959
1.65343
1.770435
1.731993
1.737303
1.646447
1.73357
1.685864
1.685665
1.743056
1.645217
1.642496
1.65096
1.624561
1.72695
1.677758
1.692308
1.715789
1.662566
1.704698
1.716287
1.65614
1.729167
1.713311
1.769616
1.669691
1.683453
1.567766
1.668412
1.689214
1.636364
1.619403
1.672535
1.710197
1.75
1.743017
1.713781
1.632867
1.629758
1.641304
1.738971
1.734024
1.704745
1.65324
1.702899
1.677996
1.658182
1.762887
1.602151
1.673546
1.748709
1.723292
1.615245
1.672662
1.670841
1.74461
1.699825
1.65338
1.695502
1.723183
1.648746
1.647059
1.630037
1.721519
1.689189
1.713805
1.59854
1.684588
1.73494
1.709898
1.794958
1.658451
1.589189
1.713333
1.740484
1.65371
1.791809
1.78087
1.753378
1.693878
1.689119
1.71869
1.625
1.782683
1.71979
1.619718
1.733096
1.703448
1.650735
1.647887
1.691489
1.694737
1.657143
1.675676
1.693632
1.539889
1.706714
1.751748
1.689119
1.674419
1.59707
1.611888
1.717352
1.666667
1.775439
1.621343
1.651706
1.647863
1.72459
1.720768
1.721254
1.684391
1.75475
1.663194
1.637011
1.676976
1.678322
1.703041
1.686067
1.611486
1.662239
1.814433
1.686747
1.701439
1.696335
1.702936
1.726351
1.696763
1.741056
1.655914
1.643979
1.714789
1.699324
1.695271
1.71875
1.666667
1.650735
1.687273
1.630551
1.677193
1.616056
1.650794
1.662021
1.701987
1.710197
1.643357
1.705983
1.67718
1.664234
1.637931
1.736568
1.709282
1.618375
1.687943
1.61658
1.67128
1.610435
1.639929
1.728395
1.691002
1.661017
1.791887
1.726644
1.710145
1.618692
1.741497
1.706081
1.643357
1.660312
1.629764
1.647266
1.677083
1.652027
1.692035
1.695886
1.594255
1.729549
1.765306
1.648115
1.7338
1.714783
1.757366
1.708054
1.619926
1.765112
1.735714
1.74744
1.647266
1.659051
1.67148
1.684397
1.677656
1.7041
1.669565
1.670251
1.601399
1.693122
1.73913
1.714783
1.673759
1.747292
1.711679
1.634483
1.732026
1.64966
1.590909
1.577617
1.608541
1.718121
1.676951
1.737201
1.640068
1.669014
1.755372
1.654189
1.609319
1.682211
1.668966
1.644195
1.755319
1.63864
1.611511
1.661871
1.646182
1.707052
1.720588
1.815126
1.620301
1.595707
1.647458
1.628722
1.687285
1.651408
1.708108
1.676522
1.708185
1.705882
1.694794
1.699463
1.640569
1.688073
1.596296
1.640845
1.710345
1.640367
1.755172
1.764706
1.632509
1.72935
1.665493
1.661871
1.635379
1.675127
1.727586
1.739583
1.607509
1.719424
1.668966
1.657459
1.608209
1.736937
1.718261
1.694494
1.635379
1.612676
1.688073
1.671429
1.655046
1.703704
1.718519
1.605072
1.710345
1.699115
1.656827
1.661376
1.728696
1.806874
1.711744
1.583333
1.789116
1.703959
1.77027
1.723183
1.706897
1.682927
1.728119
1.65897
1.785714
1.673394
1.694737
1.610619
1.727273
1.667276
1.697391
1.719298
1.596987
1.690722
1.662478
1.678445
1.746429
1.653061
1.713805
1.712352
1.645833
1.620253
1.682759
1.67395
1.696763
1.698962
1.687612
1.761345
1.707317
1.678967
1.703333
1.723292
1.641997
1.802048
1.633452
1.704348
1.619217
1.6234
1.685811
1.678632
1.63964
1.655052
1.688136
1.670068
1.677876
1.670841
1.643739
1.708405
1.73741
1.687943
1.720539
1.736842
1.599284
1.681004
1.715278
1.679012
1.706806
1.761246
1.676732
1.724258
1.750422
1.624329
1.584973
1.742475
1.679279
1.663837
1.712375
1.691489
1.737374
1.637993
1.715736
1.735849
1.674336
1.660177
1.669627
1.602812
1.680851
1.738819
1.654804
1.687719
1.663748
1.67033
1.704505
1.756432
1.720613
1.613636
1.677876
1.65343
1.611993
1.650847
1.645614
1.687719
1.691176
1.642336
1.644524
1.709898
1.751825
1.690722
1.719595
1.631579
1.7
1.57037
1.631285
1.67148
1.560714
1.750439
1.710758
1.680431
1.666667
1.682051
1.685714
1.701107
1.727428
1.768683
1.674242
1.688406
1.632432
1.686067
1.620112
1.64
1.69028
1.657143
1.726795
1.764906
1.647266
1.612789
1.738977
1.72695
1.703571
1.736264
1.614583
1.740675
1.675579
1.700348
1.792295
1.630872
1.65897
1.589474
1.669565
1.631179
1.771626
1.733333
1.736655
1.723757
1.711268
1.615527
1.65324
1.566038
1.635417
1.652021
1.679144
1.620567
1.705674
1.590317
1.715789
1.641682
1.661376
1.639286
1.646617
1.681004
1.671848
1.68662
1.727915
1.719178
1.738977
1.643357
1.687943
1.610714
1.670103
1.629116
1.761499
1.646429
1.679715
1.727273
1.66899
1.709735
1.701068
1.67354
1.662651
1.697297
1.651007
1.726619
1.657143
1.730104
1.72437
1.692857
1.634483
1.618349
1.646281
1.700348
1.630713
1.686486
1.632867
1.650794
1.638336
1.654676
1.662692
1.690236
1.698246
1.664234
1.690141
1.670796
1.737024
1.70903
1.628676
1.699115
1.615108
1.628829
1.68306
1.702128
1.631485
1.760148
1.658621
1.62963
1.645833
1.605214
1.664865
1.636986
1.649913
1.643739
1.752688
1.762238
1.585841
1.734767
1.710392
1.667276
1.769759
1.687612
1.609672
1.701439
1.618557
1.733096
1.724138
1.731034
1.66426
1.626812
1.746087
1.72402
1.801347
1.681895
1.659284
1.636364
1.696751
1.724382
1.753794
1.771626
1.672072
1.732673
1.800687
1.763668
1.67029
1.619217
1.750903
1.706806
1.56912
1.664384
1.736842
1.725557
1.686833
1.686957
1.710843
1.764298
1.742504
1.62949
1.64476
1.670841
1.661972
1.642612
1.758741
1.667233
1.66108
1.743316
1.676732
1.684932
1.702277
1.633803
1.697987
1.671028
1.649558
1.648829
1.699647
1.769653
1.699825
1.674912
1.684211
1.703436
1.662021
1.692042
1.72562
1.82548
1.745267
1.706195
1.665008
1.665517
1.731707
1.752508
1.725777
1.717172
1.652021
1.777778
1.790036
1.738977
1.737649
1.618705
1.714286
1.731664
1.664903
1.7041
1.687075
1.742504
1.709343
1.657848
1.640845
1.747871
1.570922
1.663158
1.682927
1.652174
1.761658
1.585586
1.656846
1.686207
1.651724
1.679443
1.660377
1.664845
1.687395
1.70438
1.776965
1.69258
1.718464
1.782007
1.643494
1.698046
1.699659
1.692035
1.62243
1.661261
1.767857
1.65614
1.682482
1.725275
1.697417
1.623902
1.701068
1.712727
1.665505
1.696459
1.714795
1.633452
1.712305
1.656934
1.688581
1.723661
1.646077
1.709459
1.661017
1.641286
1.712803
1.637655
1.684391
1.649123
1.720848
1.703704
1.689594
1.729452
1.674912
1.631579
1.784278
1.723894
1.713775
1.649123
1.631304
1.716287
1.654189
1.642478
1.748691
1.685393
1.675302
1.670175
1.719858
1.599278
1.664286
1.735192
1.639576
1.675875
1.625
1.76234
1.672913
1.676259
1.688496
1.654189
1.68254
1.681818
1.627907
1.628676
1.674256
1.715789
1.683305
1.708839
1.725835
1.69697
1.68254
1.731959
1.629234
1.703578
1.660107
1.623037
1.686067
1.721562
1.675676
1.624348
1.651246
1.680556
1.658182
1.68207
1.678571
1.740484
1.696429
1.60367
1.669565
1.664825
1.704974
1.6942
1.687389
1.654275
1.730185
1.691769
1.693603
1.705151
1.667857
1.664286
1.717138
1.603143
1.681661
1.698925
1.709156
1.708772
1.691525
1.641026
1.681004
1.664825
1.637631
1.644283
1.651865
1.692586
1.632143
1.731293
1.665529
1.618375
1.689895
1.676951
1.65625
1.558442
1.651568
1.635727
1.68547
1.677852
1.609155
1.675214
1.66899
1.674658
1.704467
1.683502
1.689531
1.691729
1.719298
1.747841
1.724868
1.661818
1.683478
1.682373
1.706714
1.682927
1.697632
1.725557
1.653097
1.699482
1.6942
1.682051
1.591549
1.677083
1.654804
1.62298
1.681109
1.649737
1.670213
1.698384
1.617021
1.699647
1.605735
1.778157
1.716287
1.721429
1.704467
1.674177
1.715328
1.738255
1.692308
1.598579
1.596522
1.646235
1.626102
1.716814
1.735395
1.696864
1.714286
1.709677
1.614367
1.660177
1.683274
1.667774
1.690299
1.65
1.672414
1.694974
1.727434
1.696203
1.622018
1.71777
1.648054
1.689286
1.722871
1.732888
1.718166
1.741007
1.689781
1.714286
1.723404
1.657244
1.711268
1.559701
1.665455
1.669039
1.644283
1.706195
1.653846
1.694974
1.684391
1.615527
1.646429
1.661871
1.629116
1.682488
1.66899
1.66782
1.607914
1.663685
1.654804
1.669039
1.675393
1.704202
1.691002
1.680851
1.659259
1.731034
1.803987
1.702936
1.633277
1.644214
1.760832
1.643494
1.703571
1.65233
1.733788
1.641286
1.629116
1.690972
1.70123
1.691508
1.70696
1.770548
1.610084
1.70087
1.652015
1.707317
1.696459
1.648746
1.63964
1.66065
1.654362
1.783304
1.738095
1.688581
1.564885
1.682836
1.672072
1.692573
1.678322
1.601463
1.697974
1.631944
1.680851
1.716263
1.65529
1.729927
1.751701
1.658273
1.744681
1.668376
1.704082
1.654511
1.735593
1.655296
1.661431
1.635398
1.734807
1.708185
1.685619
1.639344
1.72549
1.636364
1.701031
1.71949
1.650735
1.730419
1.645439
1.65445
1.600719
1.668942
1.658621
1.769231
1.809187
1.676976
1.692035
1.701068
1.618557
1.708333
1.69147
1.695271
1.636678
1.738182
1.701818
1.727869
1.691252
1.623037
1.718166
1.660714
1.663717
1.68873
1.719472
1.638938
1.617544
1.594156
1.729636
1.600719
1.703827
1.664311
1.607018
1.687273
1.729537
1.757785
1.677966
1.631485
1.685864
1.688811
1.64476
1.723776
1.705584
1.624329
1.676626
1.69395
1.695502
1.67285
1.688406
1.689286
1.666667
1.651724
1.59116
1.686747
1.579137
1.716912
1.656846
1.773649
1.724739
1.677996
1.694444
1.666667
1.671329
1.686486
1.689214
1.726644
1.666093
1.642599
1.680702
1.626374
1.744144
1.701818
1.789831
1.669627
1.7
1.745267
1.754011
1.672535
1.660839
1.702206
1.635727
1.678322
1.706522
1.625874
1.682594
1.670175
1.626571
1.694737
1.65
1.651079
1.717277
1.686067
1.657534
1.72093
1.703578
1.70087
1.68984
1.75
1.659722
1.636684
1.731183
1.70438
1.645656
1.643979
1.757983
1.74359
1.72232
1.645833
1.694545
1.680608
1.689895
1.634146
1.666093
1.656934
1.624329
1.665541
1.711191
1.744387
1.684391
1.62963
1.684211
1.758123
1.71831
1.650519
1.686703
1.622776
1.661922
1.673111
1.708487
1.621239
1.664234
1.800712
1.741818
1.543986
1.740741
1.601436
1.671233
1.738382
1.646018
1.6942
1.620567
1.653571
1.65096
1.677656
1.660312
1.62963
1.661376
1.713249
1.670213
1.685152
1.629252
1.727599
1.660517
1.643599
1.684575
1.638938
1.67509
1.654676
1.669065
1.67658
1.727273
1.673043
1.647706
1.672535
1.698246
1.626102
1.600739
1.746141
1.656028
1.698529
1.601436
1.644128
1.592058
1.708839
1.645217
1.732174
1.726667
1.673179
1.609236
1.658537
1.625
1.740675
1.613843
1.68984
1.737123
1.689214
1.644599
1.64663
1.716239
1.592058
1.737123
1.708185
1.639469
1.651685
1.601386
1.693694
1.691803
1.69844
1.793677
1.733777
1.665493
1.627306
1.66725
1.775891
1.627119
1.671233
1.652672
1.737303
1.673913
1.725424
1.616637
1.624348
1.640934
1.651032
1.650794
1.648881
1.72549
1.653916
1.709091
1.706806
1.69844
1.69009
1.68984
1.683478
1.669627
1.642105
1.693487
1.651079
1.733333
1.746193
1.579685
1.647059
1.677305
1.641476
1.61939
1.641682
1.653199
1.716338
1.725979
1.65913
1.669065
1.724265
1.660245
1.6
1.72695
1.670175
1.697917
1.719361
1.675302
1.680129
1.70826
1.654676
1.642857
1.687943
1.657754
1.606618
1.650847
1.643739
1.683636
1.621429
1.691252
1.679702
1.686131
1.664179
1.741056
1.755102
1.629371
1.68984
1.619403
1.751748
1.689354
1.602113
1.668942
1.664286
1.670796
1.621429
1.574388
1.64476
1.638596
1.646018
1.640569
1.738806
1.663685
1.680581
1.64311
1.679715
1.748634
1.738053
1.692857
1.718261
1.586453
1.673611
1.715771
1.62396
1.676223
1.658363
1.71912
1.719064
1.671329
1.716753
1.732174
1.636711
1.682645
1.72973
1.666667
1.778157
1.728
1.694245
1.684956
1.689119
1.643243
1.781629
1.622837
1.739425
1.675497
1.611888
1.675277
1.640489
1.645614
1.672014
1.711268
1.708633
1.695035
1.678201
1.639456
1.780446
1.609236
1.620567
1.671848
1.702128
1.636691
1.673993
1.567376
1.646018
1.684211
1.644359
1.726316
1.615251
1.683099
1.653097
1.696335
1.718593
1.694494
1.649558
1.685512
1.664903
1.638554
1.65343
1.719424
1.733564
1.746141
1.716338
1.789292
1.640845
1.686341
1.645161
1.667845
1.741824
1.709845
1.649123
1.719723
1.672474
1.776557
1.598628
1.68231
1.722913
1.631206
1.618018
1.688266
1.65493
1.692833
1.622103
1.708185
1.671329
1.659051
1.682927
1.721562
1.653571
1.633394
1.70123
1.641577
1.657534
1.62565
1.677305
1.702564
1.560209
1.633508
1.663121
1.777391
1.672727
1.648464
1.730018
1.661261
1.691228
1.618018
1.725557
1.772727
1.709845
1.744828
1.681895
1.730769
1.730375
1.741818
1.725835
1.623239
1.666667
1.73057
1.706294
1.636678
1.689286
1.648506
1.6926
1.635379
1.690722
1.715315
1.679012
1.672535
1.642981
1.70017
1.626617
1.746835
1.669039
1.669091
1.6875
1.685353
1.696552
1.643225
1.597765
1.702797
1.692308
1.67931
1.714286
1.702509
1.632058
1.682927
1.647059
1.632509
1.717314
1.736842
1.682968
1.624779
1.620626
1.629503
1.715266
1.63472
1.684575
1.734694
1.676522
1.634058
1.737705
1.760766
1.663004
1.663194
1.699463
1.676157
1.666081
1.791246
1.640068
1.742049
1.685121
1.669565
1.698492
1.73638
1.71875
1.643979
1.684932
1.635674
1.6951
1.629091
1.721831
1.67395
1.658887
1.707071
1.695652
1.697183
1.678201
1.663004
1.702277
1.698046
1.684764
1.728873
1.65
1.668508
1.649374
1.711304
1.614711
1.676951
1.632509
1.688496
1.66725
1.7
1.662432
1.652921
1.684211
1.667883
1.669627
1.682482
1.75592
1.632143
1.715266
1.640367
1.642336
1.730185
1.719361
1.7
1.677966
1.744604
1.679577
1.645439
1.646447
1.697715
1.737226
1.679577
1.618519
1.717391
1.654189
1.764706
1.619546
1.632058
1.666667
1.724739
1.741824
1.797342
1.672316
1.690722
1.678119
1.716364
1.642458
1.632143
1.707143
1.740933
1.664903
1.668376
1.627826
1.678119
1.626761
1.650177
1.650177
1.728353
1.663043
1.666667
1.695726
1.750865
1.69395
1.627907
1.649446
1.77377
1.732639
1.673684
1.744144
1.715771
1.775128
1.674024
1.735144
1.719361
1.710714
1.664845
1.707746
1.728261
1.713322
1.664286
1.689286
1.614841
1.649123
1.709619
1.741379
1.762309
1.599251
1.632933
1.668468
1.677876
1.667808
1.668488
1.685512
1.720848
1.712785
1.773788
1.737024
1.734483
1.716724
1.699275
1.679862
1.625874
1.66494
1.611785
1.725086
1.72617
1.743501
1.644599
1.756944
1.684783
1.720508
1.743056
1.724138
1.731664
1.647887
1.732143
1.688581
1.689214
1.691228
1.72344
1.69844
1.585551
1.657143
1.643836
1.641844
1.7
1.689781
1.684588
1.630551
1.731707
1.676871
1.653631
1.752244
1.684956
1.649737
1.609756
1.648936
1.694118
1.673077
1.656637
1.651079
1.70017
1.681507
1.689531
1.750439
1.737762
1.741379
1.743333
1.687151
1.737374
1.772152
1.673179
1.724739
1.662069
1.712352
1.634783
1.69009
1.619377
1.655987
1.608319
1.684746
1.638938
1.734729
1.721374
1.627737
1.659498
1.724958
1.697074
1.576302
1.611429
1.627826
1.652336
1.663748
1.742397
1.66323
1.696335
1.667845
1.684028
1.681261
1.572464
1.737374
1.66065
1.698582
1.692568
1.605787
1.674825
1.671429
1.693405
1.683274
1.740304
1.638842
1.719361
1.724832
1.750929
1.745133
1.681261
1.68231
1.707401
1.631387
1.663653
1.694737
1.643564
1.628472
1.615108
1.556757
1.732394
1.64966
1.697279
1.667257
1.698246
1.770318
1.638842
1.705983
1.726027
1.666667
1.724138
1.689286
1.690141
1.631676
1.678571
1.670213
1.664311
1.717314
1.725557
1.661319
1.652174
1.637343
1.706806
1.657993
1.649123
1.681261
1.679727
1.66548
1.651079
1.686067
1.741259
1.710247
1.692833
1.721831
1.662021
1.756944
1.677193
1.686007
1.64486
1.734982
1.777778
1.64557
1.662963
1.681004
1.68662
1.640449
1.636364
1.74386
1.722628
1.692308
1.657754
1.683849
1.652778
1.680135
1.626102
1.565972
1.640569
1.645833
1.608392
1.701031
1.693333
1.670841
1.682211
1.6171
1.650177
1.653137
1.697715
1.676471
1.609756
1.632509
1.713781
1.755319
1.686957
1.602151
1.685121
1.616949
1.692308
1.640212
1.591398
1.635398
1.646409
1.629496
1.695726
1.667257
1.653979
1.694974
1.69338
1.768683
1.611511
1.658451
1.647469
1.70087
1.652495
1.750865
1.699115
1.742397
1.698774
1.696113
1.694158
1.701275
1.766892
1.716239
1.738382
1.65445
1.679245
1.797048
1.584699
1.710297
1.664762
1.685121
1.65653
1.693603
1.673043
1.646235
1.639405
1.706577
1.771331
1.656846
1.716239
1.708904
1.668359
1.674825
1.696203
1.721281
1.706485
1.705263
1.564394
1.648696
1.633094
1.634011
1.692035
1.59364
1.724638
1.687612
1.62069
1.673913
1.64726
1.710758
1.617021
1.622857
1.711002
1.686275
1.730216
1.686275
1.588752
1.700176
1.699634
1.722603
1.644524
1.591549
1.694158
1.593466
1.580589
1.652482
1.633508
1.640068
1.616341
1.640934
1.638026
1.703959
1.653631
1.640489
1.689713
1.66899
1.684601
1.662651
1.725694
1.675958
1.701599
1.6787
1.69873
1.718593
1.686833
1.65704
1.706985
1.748691
1.639286
1.682883
1.661972
1.645985
1.653061
1.725424
1.648746
1.700176
1.703041
1.740484
1.633394
1.685558
1.655797
1.660504
1.774359
1.638596
1.751261
1.682211
1.742268
1.570058
1.697595
1.694853
1.753954
1.672014
1.758092
1.653571
1.683478
1.633452
1.68873
1.727586
1.666041
1.697417
1.705036
1.704225
1.66843
1.671186
1.690435
1.620387
1.716287
1.650624
1.742049
1.682709
1.677643
1.642726
1.676871
1.718805
1.653571
1.6234
1.734513
1.753131
1.572414
1.658273
1.678883
1.671429
1.64
1.648551
1.652174
1.590406
1.713787
1.667897
1.72119
1.679577
1.672662
1.679144
1.672192
1.697987
1.696335
1.670068
1.701783
1.631034
1.667238
1.586207
1.646018
1.641026
1.677656
1.685921
1.705085
1.751332
1.639405
1.645614
1.752613
1.607774
1.670753
1.735395
1.62565
1.637736
1.759473
1.686747
1.666667
1.693356
1.737374
1.741935
1.651706
1.710801
1.713793
1.679279
1.62298
1.629371
1.62087
1.669691
1.637324
1.802513
1.668394
1.696552
1.750452
1.711806
1.734982
1.71777
1.723636
1.629758
1.697074
1.584559
1.711002
1.672862
1.688496
1.714815
1.663685
1.711864
1.764906
1.654275
1.636697
1.74744
1.642599
1.701695
1.610108
1.723183
1.72549
1.613843
1.635009
1.68784
1.696113
1.660714
1.679595
1.631485
1.688969
1.621129
1.756098
1.652324
1.755932
1.618705
1.666068
1.673759
1.68984
1.714286
1.672253
1.613913
1.737762
1.670796
1.700555
1.680412
1.681356
1.759863
1.727891
1.628319
1.632933
1.673546
1.698046
1.622776
1.620438
1.674825
1.695413
1.65614
1.668919
1.748673
1.663333
1.648115
1.654321
1.734694
1.681004
1.59058
1.684028
1.629091
1.626571
1.668359
1.665455
1.663121
1.716239
1.706485
1.791304
1.66787
1.655629
1.62387
1.68242
1.618375
1.720354
1.604061
1.621908
1.646447
1.679727
1.644444
1.726465
1.680734
1.543278
1.699324
1.638889
1.65942
1.712766
1.619217
1.712747
1.672662
1.614232
1.697715
1.652482
1.679856
1.691756
1.620939
1.672474
1.649737
1.649718
1.604982
1.619744
1.712204
1.730018
1.663194
1.693431
1.63472
1.666667
1.686207
1.744027
1.7962
1.699482
1.718861
1.66782
1.633094
1.704626
1.705036
1.713311
1.685864
1.641953
1.726027
1.735075
1.641476
1.648276
1.683502
1.687943
1.603704
1.640138
1.639706
1.709282
1.70297
1.703571
1.614035
1.695205
1.686144
1.694245
1.621622
1.670213
1.706093
1.745133
1.68231
1.677419
1.698962
1.668412
1.586919
1.59646
1.674256
1.654054
1.679715
1.654412
1.643739
1.689354
1.63806
1.666667
1.691508
1.663653
1.640336
1.72617
1.658451
1.604167
1.674658
1.678445
1.639469
1.68662
1.683478
1.718412
1.635379
1.659649
1.751261
1.665414
1.705085
1.660886
1.712329
1.716239
1.711268
1.692308
1.675676
1.648352
1.644444
1.725086
1.681661
1.626102
1.667233
1.692308
1.657559
1.687822
1.655417
1.688266
1.698774
1.683478
1.716263
1.632799
1.706107
1.672192
1.711744
1.650177
1.6942
1.638938
1.670175
1.681004
1.688811
1.692042
1.714286
1.68231
1.684211
1.687606
1.65233
1.645833
1.621716
1.67474
1.72117
1.701906
1.580247
1.637931
1.686067
1.578378
1.696864
1.711712
1.618692
1.704974
1.735593
1.627517
1.690435
1.709402
1.686275
1.649819
1.655766
1.65704
1.683135
1.641997
1.636998
1.615385
1.617486
1.647668
1.678322
1.661376
1.694494
1.682759
1.611486
1.583026
1.70123
1.617978
1.658716
1.6942
1.728814
1.733788
1.636364
1.729373
1.716446
1.664825
1.595588
1.732231
1.780919
1.749141
1.750831
1.654412
1.65493
1.715315
1.662478
1.670588
1.747841
1.584416
1.631034
1.690875
1.671429
1.654804
1.625442
1.628415
1.630824
1.651706
1.712803
1.583181
1.629496
1.724832
1.589837
1.607339
1.679443
1.614286
1.703959
1.726126
1.654917
1.681661
1.620818
1.654054
1.64728
1.658621
1.625442
1.675302
1.634686
1.725557
1.651408
1.71875
1.67753
1.659574
1.674677
1.675
1.723636
1.648313
1.638989
1.608541
1.617699
1.623932
1.670139
1.672414
1.684211
1.745645
1.65096
1.608392
1.733788
1.664845
1.644359
1.635063
1.685864
1.728223
1.678392
1.732865
1.673179
1.602317
1.673111
1.71836
1.709677
1.694631
1.741135
1.652174
1.721008
1.707826
1.645217
1.68717
1.672072
1.709516
1.729825
1.635063
1.632143
1.684615
1.718121
1.696203
1.640934
1.647059
1.659284
1.727586
1.673321
1.657658
1.687606
1.652174
1.668394
1.65897
1.650794
1.786096
1.759729
1.540351
1.607985
1.705674
1.678632
1.709282
1.706093
1.694397
1.720613
1.676056
1.623693
1.706195
1.617699
1.682211
1.64663
1.700535
1.619565
1.643243
1.650519
1.649123
1.676626
1.675676
1.63806
1.711304
1.651408
1.676259
1.722022
1.809859
1.716312
1.735343
1.664921
1.618538
1.589189
1.652482
1.68254
1.725136
1.685665
1.633752
1.732877
1.744538
1.651079
1.62735
1.655296
1.64539
1.669014
1.669065
1.722034
1.677083
1.669145
1.688645
1.725
1.673759
1.634103
1.817556
1.756614
1.658537
1.692308
1.741824
1.622575
1.643123
1.751724
1.681109
1.757143
1.737931
1.646655
1.66065
1.754885
1.579767
1.782007
1.62963
1.67325
1.642478
1.70318
1.585366
1.626866
1.690391
1.728188
1.735652
1.702055
1.691508
1.636042
1.652482
1.696246
1.698925
1.675182
1.697715
1.654189
1.607207
1.619211
1.650255
1.682927
1.683837
1.801653
1.747088
1.73545
1.732441
1.632058
1.68705
1.679144
1.725694
1.659574
1.714783
1.675277
1.678632
1.62585
1.654577
1.724258
1.677876
1.614286
1.665505
1.669627
1.669565
1.641476
1.744966
1.732174
1.706985
1.641208
1.674419
1.66843
1.648746
1.651438
1.698774
1.776224
1.680702
1.652632
1.695652
1.687395
1.642105
1.61326
1.655296
1.688969
1.731959
1.617647
1.629496
1.704626
1.731239
1.702422
1.667233
1.733333
1.630137
1.707665
1.688356
1.809359
1.662522
1.755518
1.616341
1.677852
1.7
1.691176
1.653916
1.749577
1.594306
1.756184
1.623489
1.697715
1.684028
1.703704
1.668449
1.642105
1.65704
1.636364
1.721254
1.622575
1.607774
1.752094
1.597744
1.580817
1.767361
1.701323
1.705773
1.620939
1.628378
1.745856
1.6609
1.700535
1.680851
1.644991
1.659574
1.636684
1.713333
1.642336
1.651568
1.674658
1.676259
1.67037
1.67033
1.652482
1.650273
1.786575
1.655172
1.649241
1.754153
1.686869
1.650519
1.693989
1.624113
1.71123
1.719533
1.648276
1.725086
1.63472
1.610108
1.692573
1.724252
1.736931
1.678571
1.651123
1.61939
1.672662
1.699115
1.804196
1.649254
1.666667
1.678322
1.703839
1.70979
1.680639
1.683837
1.590988
1.662478
1.627586
1.661922
1.754622
1.660714
1.741379
1.687395
1.730018
1.761141
1.616123
1.672355
1.660777
1.738095
1.694545
1.660312
1.637363
1.664845
1.734024
1.668394
1.676732
1.618705
1.636029
1.697793
1.721649
1.720137
1.693878
1.661376
1.689139
1.654545
1.702797
1.716312
1.666075
1.64557
1.746141
1.632799
1.621716
1.65913
1.691756
1.682657
1.685714
1.662338
1.719858
1.787162
1.639098
1.644366
1.651865
1.635379
1.636986
1.587189
1.729636
1.752151
1.651282
1.552347
1.646447
1.732394
1.68873
1.673611
1.65
1.701906
1.755752
1.650558
1.625668
1.643382
1.692308
1.640449
1.809847
1.659341
1.63964
1.644128
1.697074
1.686275
1.615385
1.640653
1.707071
1.659051
1.763016
1.636036
1.680556
1.699819
1.684211
1.711268
1.680412
1.655518
1.67509
1.679595
1.680961
1.697074
1.662609
1.691508
1.728353
1.63167
1.668468
1.647266
1.660377
1.724138
1.696459
1.758564
1.679558
1.680431
1.597846
1.607774
1.672474
1.627993
1.608618
1.723776
1.700704
1.727273
1.67474
1.673469
1.662732
1.743056
1.635714
1.685315
1.748276
1.681818
1.635379
1.664286
1.714808
1.673546
1.613843
1.751295
1.673043
1.728696
1.64076
1.662566
1.684211
1.706294
1.643979
1.729452
1.701031
1.64311
1.589286
1.636364
1.636684
1.623656
1.737815
1.665493
1.699647
1.674336
1.665468
1.67029
1.714795
1.688811
1.678322
1.743676
1.726795
1.573427
1.667257
1.690346
1.647687
1.689655
1.736931
1.547576
1.672598
1.731959
1.733558
1.75089
1.720067
1.754325
1.694444
1.709459
1.695341
1.750842
1.729636
1.706195
1.705686
1.7
1.694444
1.613139
1.679727
1.687822
1.70073
1.712281
1.656827
1.657754
1.707317
1.717472
1.645796
1.706294
1.663194
1.701887
1.574861
1.636975
1.670213
1.657143
1.65653
1.664286
1.685185
1.618718
1.705479
1.710843
1.702055
1.594203
1.763514
1.640212
1.701188
1.66725
1.68972
1.692586
1.636691
1.697074
1.664286
1.623902
1.696429
1.716312
1.608769
1.760563
1.687719
1.68
1.67642
1.635727
1.663653
1.586716
1.687822
1.742609
1.651079
1.627057
1.674677
1.65897
1.679862
1.693141
1.665493
1.65897
1.746528
1.6121
1.655652
1.690391
1.613971
1.653516
1.655556
1.637681
1.672978
1.649186
1.692029
1.664311
1.73211
1.662566
1.645796
1.638989
1.678201
1.59847
1.634103
1.74359
1.683478
1.735593
1.741593
1.725352
1.673913
1.624348
1.64467
1.669759
1.680284
1.747009
1.635674
1.706294
1.636672
1.710963
1.711191
1.594891
1.637993
1.681109
1.618705
1.627907
1.739566
1.707407
1.695142
1.673394
1.636697
1.669039
1.63472
1.689354
1.636036
1.685512
1.652174
1.689594
1.625
1.663748
1.645161
1.65035
1.635714
1.697842
1.710669
1.631579
1.710438
1.675579
1.655296
1.663265
1.666667
1.659722
1.65642
1.698925
1.798261
1.717728
1.813953
1.655417
1.695205
1.635379
1.60274
1.68784
1.763838
1.697793
1.729636
1.726524
1.684764
1.666667
1.65371
1.70438
1.745133
1.718166
1.789104
1.666667
1.694737
1.646853
1.748727
1.71223
1.57554
1.660177
1.686957
1.740614
1.653775
1.646182
1.680272
1.725888
1.685121
1.708904
1.69697
1.641953
1.684211
1.715771
1.648115
1.749565
1.71979
1.65897
1.726776
1.672192
1.695502
1.633218
1.726496
1.625455
1.723519
1.638418
1.814029
1.668942
1.649123
1.718861
1.747871
1.642105
1.658537
1.59854
1.62963
1.686542
1.692857
1.715302
1.635036
1.652174
1.632727
1.621716
1.683837
1.650092
1.622776
1.679279
1.752277
1.675774
1.573477
1.634518
1.661376
1.732143
1.70123
1.660107
1.682143
1.710145
1.640845
1.628975
1.730375
1.732441
1.680412
1.777778
1.655417
1.667832
1.702509
1.608775
1.714286
1.672727
1.598579
1.722121
1.579661
1.598592
1.664957
1.75475
1.654804
1.690346
1.715753
1.661431
1.665455
1.72617
1.634103
1.574394
1.62807
1.717314
1.694444
1.723022
1.690756
1.711806
1.695431
1.709091
1.691252
1.679868
1.699825
1.683274
1.648115
1.657627
1.728395
1.66426
1.674256
1.676871
1.728055
1.659284
1.67354
1.684211
1.721739
1.66548
1.677305
1.657238
1.581308
1.699145
1.739437
1.665493
1.805556
1.713793
1.713799
1.599258
1.634409
1.641286
1.696552
1.758007
1.713781
1.541219
1.645338
1.723661
1.684575
1.698305
1.680556
1.755172
1.70922
1.630931
1.658088
1.619048
1.621716
1.658621
1.678832
1.611321
1.664234
1.710575
1.614973
1.689046
1.688406
1.70979
1.723549
1.644128
1.693103
1.667845
1.638596
1.665441
1.70084
1.621908
1.617021
1.696649
1.690435
1.6234
1.646847
1.7
1.766784
1.686007
1.709343
1.676768
1.577778
1.719595
1.673835
1.645161
1.770833
1.616056
1.647687
1.744108
1.696649
1.633094
1.638336
1.667832
1.642726
1.662963
1.621053
1.653979
1.621622
1.604811
1.597148
1.618375
1.60076
1.715302
1.754622
1.720207
1.704626
1.677876
1.618718
1.689046
1.681574
1.705263
1.642066
1.631206
1.65704
1.660177
1.696113
1.709024
1.731922
1.588652
1.647706
1.602941
1.725086
1.739895
1.693122
1.690722
1.670711
1.653571
1.688042
1.718919
1.689781
1.587354
1.656846
1.689895
1.621053
1.695142
1.644524
1.723183
1.657754
1.695971
1.727428
1.700348
1.635688
1.669691
1.677083
1.654676
1.632509
1.641791
1.821678
1.749141
1.722807
1.632509
1.648393
1.726795
1.601436
1.666667
1.698962
1.75089
1.715278
1.68705
1.661376
1.715736
1.607985
1.644891
1.680431
1.757265
1.732369
1.625219
1.718261
1.64076
1.730973
1.639229
1.615799
1.747292
1.71223
1.685921
1.678832
1.63575
1.766892
1.663748
1.745583
1.688356
1.621818
1.608319
1.610909
1.705373
1.67029
1.712803
1.695341
1.684746
1.67931
1.666093
1.656093
1.65445
1.728814
1.704745
1.694494
1.744898
1.648881
1.663685
1.684211
1.753176
1.682759
1.626335
1.667257
1.755444
1.72069
1.582707
1.677876
1.659341
1.730973
1.615385
1.69708
1.643739
1.582609
1.615385
1.670628
1.730627
1.725217
1.625
1.766784
1.723894
1.648936
1.667857
1.64
1.728086
1.669691
1.737024
1.625
1.708405
1.734266
1.739726
1.616341
1.65
1.668488
1.663717
1.631485
1.651706
1.64663
1.736185
1.713287
1.631304
1.723776
1.613126
1.620209
1.714286
1.694444
1.716753
1.67753
1.678373
1.642599
1.72093
1.687719
1.73262
1.664336
1.636049
1.697068
1.644599
1.647273
1.64557
1.699482
1.628722
1.625688
1.677643
1.769882
1.648313
1.613843
1.717352
1.654784
1.65913
1.694245
1.652174
1.702797
1.653775
1.727273
1.663808
1.66323
1.601351
1.676976
1.644991
1.700348
1.696335
1.678808
1.663685
1.675774
1.647913
1.605735
1.700901
1.645161
1.663586
1.715771
1.651376
1.621343
1.766143
1.70632
1.626998
1.720848
1.648936
1.655172
1.618538
1.789303
1.714801
1.703297
1.672727
1.666667
1.743409
1.643494
1.682759
1.705584
1.739726
1.610039
1.775832
1.707746
1.773973
1.590909
1.626527
1.601411
1.714815
1.699301
1.648696
1.688889
1.614159
1.657795
1.72117
1.672862
1.659208
1.695205
1.697297
1.656637
1.713262
1.628975
1.675042
1.736111
1.777385
1.662021
1.691743
1.664311
1.645833
1.633094
1.677876
1.69009
1.675182
1.71529
1.755474
1.634783
1.648746
1.692573
1.744604
1.68873
1.568421
1.752244
1.634483
1.731664
1.735652
1.667263
1.752688
1.687606
1.686411
1.700176
1.652632
1.637324
1.66171
1.668571
1.695971
1.642336
1.723894
1.636049
1.629503
1.719424
1.749129
1.726619
1.72549
1.670711
1.652174
1.701754
1.644283
1.686067
1.638596
1.668966
1.662338
1.63964
1.691203
1.774461
1.709459
1.692053
1.625
1.670103
1.706422
1.745645
1.650255
1.707231
1.628829
1.623134
1.718213
1.740933
1.815009
1.647266
1.683837
1.648276
1.66436
1.718805
1.703959
1.709949
1.681261
1.732369
1.668449
1.698774
1.742504
1.673993
1.724138
1.631858
1.618399
1.665468
1.672788
1.574775
1.741824
1.67128
1.705989
1.708703
1.669659
1.695804
1.680284
1.651079
1.553506
1.786575
1.651079
1.640288
1.681661
1.698925
1.739437
1.73741
1.604317
1.714286
1.600719
1.695271
1.70318
1.650273
1.674256
1.756098
1.634103
1.661202
1.702359
1.657439
1.673043
1.652921
1.685558
1.634369
1.730496
1.710843
1.765101
1.664921
1.683135
1.683135
1.762162
1.686347
1.661765
1.606679
1.724138
1.686486
1.653571
1.689354
1.717902
1.729927
1.699301
1.62963
1.716239
1.77305
1.656028
1.745645
1.579892
1.744387
1.611615
1.742373
1.671795
1.716364
1.740402
1.674912
1.710145
1.661871
1.577413
1.688172
1.623188
1.607143
1.721519
1.664384
1.651079
1.688266
1.726962
1.546618
1.702448
1.713287
1.705779
1.631858
1.645833
1.642857
1.632582
1.649524
1.630713
1.657627
1.698962
1.633803
1.732639
1.694545
1.610039
1.611208
1.707904
1.677876
1.670175
1.65338
1.66548
1.71529
1.640138
1.673684
1.71777
1.730419
1.621324
1.676259
1.710145
1.713249
1.694352
1.749577
1.778947
1.696028
1.673684
1.731707
1.659649
1.761499
1.732877
1.624088
1.745331
1.767361
1.740214
1.653979
1.643225
1.735849
1.583643
1.654676
1.712727
1.678883
1.633094
1.688496
1.708054
1.703448
1.726496
1.634518
1.648936
1.620253
1.647687
1.667269
1.638336
1.705455
1.621528
1.63864
1.792164
1.684764
1.768683
1.755396
1.754325
1.69338
1.620072
1.684575
1.666667
1.724958
1.666667
1.729055
1.674074
1.648115
1.684746
1.646048
1.64684
1.656667
1.757785
1.731844
1.750433
1.692042
1.771331
1.72449
1.623932
1.644214
1.736111
1.7041
1.605839
1.617647
1.644951
1.617857
1.674099
1.667238
1.675485
1.663748
1.674503
1.675214
1.649186
1.689531
1.703448
1.731497
1.696763
1.625442
1.695271
1.677778
1.615108
1.694737
1.617591
1.671233
1.674825
1.745819
1.616637
1.649558
1.677852
1.700535
1.657993
1.647913
1.699145
1.690685
1.700997
1.579568
1.6
1.702752
1.724613
1.726813
1.656743
1.625442
1.687943
1.665541
1.717902
1.677193
1.654321
1.650624
1.65365
1.689189
1.738255
1.728696
1.699831
1.728223
1.677305
1.674336
1.692573
1.712803
1.64557
1.702899
1.695575
1.718919
1.666667
1.621716
1.684746
1.704545
1.694245
1.735652
1.716194
1.753086
1.625899
1.729549
1.618399
1.634752
1.676259
1.765957
1.677876
1.645614
1.630282
1.734767
1.693356
1.714286
1.650624
1.710924
1.768683
1.637306
1.658451
1.624088
1.671902
1.666667
1.745975
1.721768
1.628722
1.665441
1.710924
1.741056
1.690941
1.651724
1.65365
1.744526
1.737478
1.721429
1.586572
1.713775
1.702655
1.653775
1.710392
1.675862
1.734513
1.717314
1.714286
1.655914
1.697391
1.663685
1.699812
1.693086
1.653916
1.717172
1.717902
1.643979
1.694631
1.686833
1.546961
1.674419
1.652651
1.717391
1.707826
1.689046
1.649485
1.603448
1.68873
1.755319
1.682051
1.740171
1.602941
1.664975
1.63197
1.710345
1.635714
1.625455
1.675958
1.643243
1.68984
1.677305
1.644128
1.671958
1.712785
1.594356
1.67632
1.684932
1.60354
1.726027
1.655296
1.642478
1.657559
1.708955
1.588551
1.692573
1.638554
1.720613
1.593985
1.620751
1.689046
1.667257
1.743501
1.635727
1.660839
1.650847
1.641682
1.657143
1.623037
1.649186
1.727586
1.662566
1.750433
1.720768
1.664179
1.607143
1.655678
1.722127
1.649819
1.647482
1.69287
1.622378
1.767521
1.660107
1.724528
1.653846
1.704202
1.742809
1.701599
1.722022
1.666075
1.655797
1.692308
1.763668
1.719723
1.62963
1.614159
1.743056
1.641739
1.651568
1.67509
1.790378
1.623693
1.684956
1.681648
1.678832
1.754885
1.75475
1.626335
1.711806
1.663082
1.593695
1.614035
1.666667
1.710714
1.667808
1.715266
1.672014
1.624348
1.725352
1.633028
1.65042
1.660517
1.768313
1.747292
1.683453
1.666667
1.580645
1.69697
1.682594
1.685315
1.719928
1.719361
1.631944
1.676127
1.675485
1.657848
1.689655
1.613357
1.776632
1.641208
1.733333
1.657356
1.748691
1.639405
1.677876
1.57672
1.653061
1.686542
1.637708
1.746293
1.70922
1.645161
1.660107
1.651877
1.718861
1.538188
1.696335
1.619893
1.724739
1.670588
1.722314
1.678511
1.639405
1.642987
1.731061
1.717352
1.578947
1.705151
1.65493
1.666048
1.699301
1.568421
1.695271
1.692042
1.630314
1.771331
1.693431
1.682143
1.705151
1.709497
1.697632
1.546429
1.670711
1.694245
1.738516
1.704225
1.674677
1.709735
1.666062
1.636719
1.677083
1.626374
1.65
1.688742
1.643243
1.664865
1.689189
1.66725
1.683656
1.654321
1.695035
1.670175
1.706806
1.772894
1.701068
1.602058
1.73854
1.674256
1.646447
1.663748
1.67148
1.681261
1.616088
1.612208
1.747126
1.722603
1.663685
1.660584
1.655417
1.78157
1.728353
1.666075
1.643243
1.713799
1.737882
1.736301
1.684575
1.777385
1.758437
1.585185
1.63864
1.727434
1.644524
1.678571
1.671743
1.655417
1.607339
1.674074
1.719928
1.642599
1.667263
1.622505
1.756014
1.652021
1.598592
1.662021
1.673759
1.666667
1.638298
1.729636
1.734899
1.736752
1.65045
1.720768
1.658537
1.641405
1.649819
1.705779
1.71777
1.745201
1.718033
1.680556
1.713787
1.717206
1.645833
1.648313
1.719858
1.643836
1.695035
1.660584
1.708703
1.699647
1.651877
1.717687
1.714286
1.718861
1.628676
1.653782
1.710714
1.625899
1.717277
1.684764
1.592793
1.711191
1.630162
1.696429
1.59854
1.719858
1.709282
1.702277
1.655417
1.664286
1.659051
1.816901
1.65897
1.682143
1.674503
1.652672
1.666041
1.711304
1.733333
1.591973
1.687619
1.681901
1.825043
1.685353
1.654545
1.659813
1.736842
1.773196
1.646429
1.691715
1.704348
1.692593
1.708405
1.739726
1.722408
1.634783
1.694397
1.726465
1.670796
1.635398
1.697183
1.659649
1.654676
1.639775
1.670213
1.684764
1.584973
1.651246
1.725417
1.745704
1.751773
1.679715
1.740675
1.701906
1.670175
1.610108
1.720613
1.674336
1.668874
1.701068
1.739726
1.685353
1.769363
1.696763
1.693122
1.678201
1.595113
1.669091
1.730375
1.669596
1.649558
1.72028
1.687395
1.666075
1.698816
1.717431
1.647887
1.697715
1.742609
1.651246
1.615385
1.665505
1.6
1.711893
1.713287
1.70826
1.722704
1.691203
1.705882
1.627057
1.670753
1.646429
1.66843
1.759322
1.735144
1.686067
1.642732
1.621324
1.629893
1.663586
1.639456
1.724508
1.590909
1.71223
1.688136
1.647059
1.702277
1.68231
1.656637
1.684211
1.687389
1.732174
1.633851
1.685921
1.679595
1.664865
1.68662
1.74359
1.711775
1.693405
1.744463
1.641844
1.662651
1.649913
1.654676
1.692573
1.660777
1.680851
1.727586
1.727273
1.646429
1.642478
1.728988
1.689713
1.698774
1.630931
1.684397
1.737024
1.679144
1.58047
1.621053
1.642599
1.669039
1.664903
1.700176
1.632727
1.651865
1.640934
1.654189
1.624561
1.66787
1.714765
1.749117
1.619718
1.707746
1.75
1.71529
1.630551
1.707052
1.675214
1.707143
1.639515
1.681661
1.631944
1.64557
1.705036
1.704225
1.6787
1.713287
1.746479
1.686957
1.706806
1.678571
1.643225
1.649819
1.690722
1.730769
1.662069
1.72028
1.721739
1.703971
1.660377
1.653571
1.667221
1.764479
1.650735
1.666068
1.662478
1.66843
1.68662
1.688581
1.644689
1.680412
1.75089
1.639706
1.584973
1.746967
1.733333
1.594306
1.606327
1.61512
1.663043
1.633333
1.623902
1.617699
1.763754
1.769231
1.633851
1.661074
1.705373
1.756757
1.661972
1.664407
1.725777
1.557143
1.675875
1.708543
1.738053
1.657534
1.711864
1.7
1.697297
1.597222
1.662566
1.637631
1.685121
1.652015
1.57672
1.57935
1.636364
1.721612
1.689594
1.677876
1.74744
1.678571
1.635727
1.694631
1.60424
1.694158
1.646847
1.715302
1.794613
1.73262
1.680891
1.716724
1.622921
1.602273
1.595547
1.682432
1.631579
1.707826
1.65942
1.644599
1.610909
1.661765
1.611684
1.647273
1.651706
1.760563
1.647913
1.667845
1.67029
1.709845
1.714789
1.784615
1.625926
1.687943
1.733564
1.645985
1.727586
1.728696
1.751724
1.679862
1.715827
1.775128
1.743506
1.755518
1.698305
1.637383
1.66787
1.645796
1.73638
1.618718
1.677876
1.633333
1.674912
1.602131
1.611111
1.680532
1.723077
1.738676
1.682594
1.720466
1.680851
1.708185
1.691756
1.665493
1.777403
1.711744
1.675774
1.639794
1.629881
1.708772
1.720588
1.763864
1.704348
1.62963
1.672474
1.706485
1.702055
1.64726
1.695035
1.703297
1.644599
1.68306
1.696335
1.619217
1.635417
1.750865
1.690685
1.674419
1.620072
1.632302
1.605839
1.708185
1.741611
1.710247
1.66548
1.638026
1.663082
1.741935
1.690909
1.707052
1.623446
1.704251
1.723127
1.690647
1.691756
1.750433
1.666667
1.65045
1.59646
1.65
1.629234
1.728261
1.611615
1.688356
1.695364
1.718805
1.699301
1.690756
1.717277
1.695575
1.676056
1.722807
1.691781
1.618519
1.692573
1.71979
1.607619
1.597786
1.757265
1.622103
1.618018
1.687151
1.756178
1.697715
1.706714
1.611307
1.692029
1.665468
1.646643
1.646655
1.614159
1.716287
1.678245
1.651376
1.679012
1.581921
1.717687
1.696395
1.648313
1.654189
1.672662
1.723183
1.765125
1.697297
1.677298
1.703833
1.684932
1.770548
1.617486
1.731707
1.712305
1.631399
1.704082
1.653516
1.634369
1.696459
1.73638
1.761658
1.692593
1.677996
1.651706
1.677083
1.720848
1.58885
1.680702
1.674336
1.64
1.676923
1.702359
1.668488
1.625
1.660777
1.69708
1.669691
1.641286
1.591912
1.681818
1.825641
1.726496
1.742958
1.662566
1.676951
1.715808
1.653097
1.590664
1.638938
1.668449
1.643123
1.651543
1.703583
1.664179
1.645439
1.609672
1.525362
1.642586
1.659498
1.7
1.762478
1.675485
1.741497
1.630314
1.649374
1.637306
1.60424
1.662478
1.718861
1.754685
1.680272
1.673004
1.683837
1.736931
1.710438
1.74183
1.717391
1.631676
1.652174
1.616788
1.703072
1.591078
1.734694
1.733558
1.710758
1.646048
1.684028
1.728988
1.641739
1.764912
1.605166
1.688266
1.68547
1.631103
1.72117
1.742857
1.694737
1.678445
1.692308
1.69258
1.694494
1.67642
1.676056
1.686347
1.673806
1.617647
1.675182
1.658182
1.73638
1.675302
1.692035
1.692821
1.686833
1.677193
1.703827
1.807757
1.701439
1.65
1.695804
1.716263
1.719658
1.679868
1.602837
1.65343
1.727599
1.648084
1.71529
1.618875
1.68717
1.684211
1.630824
1.659284
1.672662
1.675393
1.693989
1.611111
1.662566
1.706294
1.595707
1.575652
1.659574
1.649123
1.663653
1.708333
1.706667
1.727434
1.657848
1.693632
1.721649
1.612903
1.674074
1.747405
1.676471
1.621053
1.664884
1.663121
1.699301
1.674419
1.688663
1.672014
1.620493
1.694158
1.718919
1.771429
1.61324
1.738053
1.758204
1.56383
1.678392
1.760832
1.713311
1.659864
1.683241
1.688406
1.690141
1.725694
1.671795
1.716814
1.754325
1.674503
1.680891
1.681742
1.71123
1.65653
1.715302
1.579336
1.654676
1.716753
1.627907
1.683837
1.684211
1.715753
1.681416
1.62735
1.651877
1.76
1.731034
1.677419
1.68254
1.709402
1.623656
1.635063
1.716287
1.809524
1.666075
1.669565
1.745201
1.757877
1.792517
1.746087
1.701439
1.667244
1.638026
1.670103
1.636364
1.707317
1.663121
1.740876
1.698925
1.736746
1.72093
1.684028
1.699825
1.663158
1.624088
1.657559
1.622505
1.623037
1.666667
1.703704
1.717314
1.65365
1.696113
1.684909
1.684764
1.725352
1.677903
1.611111
1.688266
1.691769
1.737478
1.647687
1.641115
1.667238
1.638298
1.663808
1.630551
1.728522
1.645756
1.679577
1.649558
1.65371
1.669118
1.686833
1.684211
1.685767
1.751748
1.704584
1.683478
1.73638
1.690647
1.617486
1.641577
1.738516
1.738182
1.700901
1.693662
1.631206
1.688555
1.703436
1.748252
1.659722
1.607914
1.671186
1.683453
1.674256
1.701031
1.703316
1.67037
1.694737
1.668468
1.653516
1.61552
1.703436
1.708839
1.66494
1.665505
1.680702
1.707665
1.693356
1.734483
1.684575
1.69403
1.657941
1.659208
1.653916
1.707665
1.634446
1.678201
1.697632
1.624779
1.709282
1.693632
1.71134
1.632582
1.668376
1.590018
1.659722
1.764706
1.635036
1.685512
1.712747
1.7408
1.729097
1.684764
1.690435
1.740304
1.688266
1.747871
1.658031
1.694974
1.704348
1.686542
1.682143
1.65913
1.718213
1.723757
1.737024
1.685185
1.683478
1.630824
1.626998
1.729915
1.727116
1.688496
1.686486
1.60644
1.649832
1.732394
1.728477
1.714783
1.710669
1.696246
1.651724
1.680412
1.711712
1.71529
1.717687
1.630662
1.690391
1.655652
1.662566
1.775891
1.693662
1.680141
1.665441
1.654054
1.710247
1.729825
1.713761
1.781481
1.642478
1.717902
1.65493
1.649485
1.639706
1.650086
1.677064
1.633803
1.728353
1.675
1.66787
1.641844
1.692042
1.682927
1.710247
1.72028
1.647266
1.699275
1.735242
1.722973
1.663748
1.667276
1.624549
1.659284
1.708333
1.648936
1.678445
1.70412
1.672414
1.692857
1.764906
1.736937
1.67033
1.695142
1.660377
1.618182
1.667244
1.69697
1.789474
1.676976
1.764065
1.61939
1.620513
1.669691
1.650519
1.655052
1.615245
1.67354
1.698774
1.661922
1.646018
1.709282
1.641844
1.617329
1.671378
1.651376
1.644928
1.731707
1.725086
1.584229
1.682051
1.65897
1.569231
1.653992
1.662069
1.739583
1.689482
1.701188
1.704861
1.673684
1.702128
1.647059
1.645217
1.733102
1.69863
1.622103
1.666667
1.743056
1.749141
1.749104
1.578182
1.676157
1.65653
1.655678
1.684575
1.675676
1.677656
1.690189
1.715789
1.650624
1.748691
1.764499
1.809524
1.643785
1.620981
1.685393
1.670103
1.698113
1.704225
1.679012
1.622505
1.688889
1.608618
1.701599
1.706985
1.7338
1.669596
1.656743
1.642105
1.681109
1.777778
1.627826
1.677656
1.686207
1.65233
1.674074
1.720539
1.567669
1.676471
1.645338
1.783595
1.70922
1.675182
1.670932
1.677966
1.635398
1.717813
1.673043
1.660177
1.74461
1.767695
1.757072
1.673546
1.740484
1.755518
1.619835
1.728571
1.572711
1.700176
1.72134
1.638734
1.659889
1.709024
1.680581
1.72043
1.69009
1.672474
1.681574
1.703297
1.723077
1.668342
1.626812
1.653097
1.669535
1.669039
1.658451
1.748691
1.784722
1.660377
1.671329
1.703578
1.709735
1.716878
1.656846
1.663717
1.692029
1.720539
1.632353
1.785589
1.714777
1.712785
1.698582
1.684211
1.675768
1.735593
1.637961
1.846422
1.684575
1.700348
1.65411
1.721429
1.644891
1.702128
1.72549
1.672535
1.661261
1.769616
1.666034
1.683099
1.666126
1.721429
1.694245
1.705263
1.685714
1.711744
1.650909
1.745583
1.649123
1.807757
1.625
1.765138
1.646643
1.605684
1.648148
1.747604
1.720354
1.666667
1.751371
1.717314
1.689531
1.694494
1.597122
1.619224
1.679577
1.725557
1.673684
1.65812
1.687285
1.637655
1.619926
1.693122
1.619565
1.68717
1.641844
1.68
1.674825
1.680297
1.627486
1.710297
1.653846
1.753378
1.6
1.693356
1.726644
1.65096
1.680815
1.645756
1.673913
1.643243
1.628518
1.687273
1.677758
1.727586
1.644689
1.629234
1.652174
1.719723
1.620168
1.656357
1.59058
1.726073
1.670175
1.672474
1.585185
1.671902
1.741259
1.705502
1.681574
1.669118
1.694974
1.707483
1.701599
1.641844
1.636691
1.71836
1.722807
1.662021
1.652952
1.676626
1.652482
1.754885
1.586453
1.644366
1.614711
1.632509
1.568556
1.68662
1.701389
1.653516
1.664311
1.65343
1.666667
1.675579
1.681818
1.771144
1.676976
1.651206
1.737374
1.694683
1.782683
1.687822
1.667845
1.732143
1.666667
1.691252
1.660036
1.737815
1.622184
1.654822
1.686747
1.692308
1.642249
1.697479
1.69863
1.664311
1.676871
1.628722
1.655652
1.630996
1.716783
1.748777
1.697391
1.750831
1.733826
1.710297
1.680734
1.626527
1.657627
1.62565
1.718644
1.581132
1.651568
1.659963
1.697842
1.630137
1.676667
1.656947
1.771529
1.66548
1.675214
1.712177
1.748691
1.709898
1.665493
1.727273
1.653782
1.668896
1.719557
1.6951
1.701975
1.633157
1.66108
1.602837
1.761246
1.644214
1.679181
1.601375
1.734024
1.662522
1.728055
1.68717
1.654577
1.655678
1.686567
1.686207
1.735915
1.664407
1.654804
1.633752
1.757167
1.65338
1.672794
1.614414
1.642361
1.625455
1.766724
1.636054
1.690647
1.577265
1.673993
1.569892
1.630713
1.611307
1.681109
1.688645
1.670932
1.706294
1.711775
1.63806
1.737882
1.722127
1.732369
1.696552
1.662651
1.718519
1.742397
1.73578
1.678322
1.673111
1.64476
1.696763
1.618375
1.705882
1.753521
1.710714
1.723881
1.688496
1.753954
1.608696
1.735915
1.692308
1.583026
1.656357
1.6
1.635452
1.666087
1.678161
1.722523
1.667244
1.684783
1.598628
1.710526
1.650177
1.720848
1.660584
1.59132
1.653916
1.665468
1.657534
1.678082
1.618557
1.697279
1.667257
1.709402
1.663748
1.573192
1.655678
1.704467
1.667276
1.725086
1.6234
1.695652
1.745133
1.667263
1.6
1.709156
1.696335
1.636054
1.66725
1.62387
1.689046
1.713287
1.582868
1.593043
1.645796
1.679417
1.715278
1.734729
1.585952
1.694853
1.724258
1.668412
1.694737
1.688889
1.619718
1.726496
1.632143
1.654545
1.69009
1.734767
1.662478
1.695804
1.645985
1.621928
1.655766
1.611208
1.70826
1.560521
1.710145
1.606112
1.672474
1.640212
1.627178
1.722127
1.708839
1.705882
1.681261
1.681261
1.702422
1.667774
1.665529
1.672913
1.716783
1.712305
1.679181
1.667297
1.650624
1.611208
1.719723
1.767442
1.701031
1.662921
1.700176
1.675393
1.733333
1.704918
1.70639
1.666667
1.659735
1.676157
1.69338
1.678119
1.638298
1.72067
1.68942
1.691769
1.746141
1.768212
1.677643
1.681356
1.675393
1.61939
1.657754
1.640212
1.675485
1.727749
1.725086
1.703436
1.645439
1.741697
1.62387
1.752182
1.735849
1.64557
1.526221
1.667857
1.677305
1.70318
1.719298
1.587302
1.712747
1.672598
1.691508
1.626812
1.601423
1.704809
1.649913
1.630824
1.636029
1.728873
1.701906
1.630508
1.64311
1.679181
1.616637
1.615385
1.736301
1.690685
1.742754
1.637631
1.625632
1.719928
1.636691
1.616725
1.647482
1.641476
1.686957
1.650092
1.684746
1.706522
1.674336
1.688356
1.578154
1.664825
1.645833
1.66843
1.725632
1.68254
1.609665
1.703704
1.654054
1.673043
1.726316
1.637993
1.666667
1.627306
1.640934
1.704467
1.621818
1.641844
1.64539
1.691002
1.750427
1.599291
1.695431
1.73741
1.686067
1.745645
1.642726
1.647273
1.684211
1.646853
1.617857
1.673043
1.651123
1.653571
1.622642
1.827768
1.643599
1.749104
1.682927
1.758559
1.662069
1.671141
1.678632
1.612319
1.659574
1.636036
1.618557
1.677778
1.682243
1.728522
1.64966
1.629358
1.666087
1.603478
1.702703
1.635688
1.657754
1.728696
1.702055
1.734291
1.731497
1.656028
1.630769
1.700704
1.707826
1.694794
1.632799
1.686207
1.650092
1.684022
1.702055
1.640934
1.65
1.666667
1.712305
1.663808
1.660107
1.680556
1.643564
1.673043
1.697183
1.682143
1.660177
1.702602
1.716287
1.608919
1.668508
1.654369
1.647913
1.693989
1.664336
1.632509
1.763864
1.622711
1.694158
1.64726
1.621324
1.718412
1.705341
1.721429
1.712256
1.696864
1.767025
1.630824
1.759729
1.669535
1.663043
1.696751
1.798587
1.60687
1.651408
1.679715
1.654676
1.674256
1.65096
1.733108
1.645614
1.662478
1.683656
1.685152
1.695413
1.714286
1.710392
1.592267
1.691203
1.630662
1.658451
1.681574
1.666068
1.717687
1.671848
1.626527
1.64
1.67931
1.778146
1.70798
1.643885
1.686007
1.668508
1.651246
1.688013
1.73494
1.62298
1.728353
1.612167
1.642612
1.772414
1.590829
1.756614
1.689895
1.592793
1.624779
1.650794
1.635036
1.691489
1.72549
1.712204
1.661017
1.710297
1.675958
1.784348
1.675485
1.646853
1.723636
1.657331
1.665505
1.630137
1.684391
1.757679
1.624772
1.656846
1.719008
1.723183
1.668359
1.703833
1.717277
1.663685
1.685315
1.686411
1.724138
1.664384
1.740351
1.645161
1.634011
1.697842
1.68873
1.647482
1.636697
1.639229
1.73057
1.666048
1.702936
1.637631
1.760135
1.727116
1.682432
1.73913
1.647687
1.694794
1.683837
1.688266
1.558394
1.684956
1.677083
1.671186
1.653979
1.676056
1.654412
1.683656
1.673611
1.715888
1.668359
1.723183
1.75
1.675
1.691525
1.695652
1.68306
1.63472
1.734242
1.605214
1.70068
1.635434
1.607509
1.668488
1.712727
1.632224
1.681574
1.615385
1.716783
1.639344
1.716724
1.694683
1.680412
1.625668
1.657244
1.593985
1.595819
1.694444
1.744227
1.744308
1.699647
1.619529
1.628722
1.635135
1.618705
1.66436
1.674503
1.677632
1.684397
1.636054
1.649446
1.628415
1.664884
1.709282
1.750877
1.640411
1.641682
1.750853
1.710392
1.69697
1.686747
1.622302
1.745267
1.75817
1.686007
1.618705
1.616056
1.658802
1.644128
1.709845
1.675
1.680297
1.696246
1.663748
1.724832
1.708839
1.668394
1.702797
1.657439
1.707401
1.654545
1.679443
1.543726
1.596958
1.676976
1.693878
1.710801
1.730627
1.62775
1.719424
1.693662
1.74026
1.660584
1.670213
1.614035
1.68873
1.752277
1.77592
1.656667
1.713787
1.750433
1.643697
1.743676
1.652174
1.750433
1.606218
1.657627
1.632933
1.726795
1.64476
1.710924
1.69697
1.659051
1.635112
1.608541
1.62387
1.71912
1.638336
1.673611
1.661972
1.66548
1.707718
1.61302
1.681481
1.729825
1.695413
1.690141
1.773649
1.740214
1.638026
1.650909
1.62543
1.704698
1.699145
1.670711
1.709619
1.697632
1.686067
1.688136
1.681159
1.69697
1.716814
1.606957
1.737649
1.630713
1.664884
1.745645
1.690476
1.642361
1.667238
1.697715
1.652985
1.742044
1.666062
1.632224
1.685864
1.682759
1.661319
1.659432
1.669659
1.754266
1.637324
1.666068
1.686341
1.693141
1.613357
1.731034
1.765957
1.675676
1.690476
1.638298
1.714286
1.679279
1.694794
1.680581
1.721612
1.675214
1.710714
1.678119
1.693122
1.744463
1.723485
1.753176
1.676732
1.703959
1.709497
1.672978
1.633028
1.679443
1.642218
1.609665
1.741294
1.692586
1.769504
1.632867
1.650086
1.702655
1.652174
1.672192
1.700901
1.597173
1.639929
1.653775
1.703704
1.628722
1.714789
1.687943
1.691792
1.691792
1.663748
1.699324
1.667244
1.70087
1.70922
1.649186
1.716724
1.677966
1.706522
1.655417
1.62298
1.732369
1.653846
1.645614
1.725694
1.706619
1.686131
1.68942
1.674336
1.647458
1.622103
1.709091
1.654189
1.702128
1.662651
1.698774
1.681895
1.754153
1.72973
1.680581
1.678632
1.757983
1.676768
1.638554
1.620387
1.642726
1.632432
1.709845
1.660584
1.709343
1.627417
1.67285
1.622449
1.677193
1.728086
1.67509
1.684764
1.74271
1.67509
1.710884
1.66725
1.629503
1.636697
1.731544
1.674336
1.705989
1.661017
1.703947
1.683837
1.647273
1.614679
1.676951
1.740614
1.742809
1.616872
1.687188
1.737649
1.633394
1.79357
1.636364
1.764901
1.699825
1.675862
1.664286
1.590193
1.655296
1.662069
1.648276
1.731239
1.64476
1.699831
1.701389
1.641476
1.710197
1.663043
1.652482
1.72134
1.623902
1.698492
1.732203
1.743219
1.625
1.662566
1.660036
1.727116
1.723549
1.679558
1.736227
1.648696
1.577265
1.6771
1.651706
1.663685
1.671233
1.726496
1.756979
1.722973
1.672381
1.731123
1.647059
1.7962
1.705479
1.668376
1.67029
1.756178
1.66899
1.590994
1.631387
1.67684
1.662432
1.694737
1.761302
1.652482
1.701975
1.680431
1.655417
1.597826
1.667832
1.706806
1.667238
1.711679
1.723661
1.652952
1.65704
1.7
1.730018
1.672474
1.746193
1.634328
1.689895
1.77193
1.656743
1.685121
1.786802
1.663653
1.733096
1.667276
1.714771
1.72028
1.691769
1.645796
1.714286
1.685665
1.680412
1.768313
1.656307
1.662522
1.680141
1.727915
1.679558
1.672913
1.635727
1.69287
1.713787
1.668449
1.650092
1.629371
1.747405
1.675958
1.70017
1.696751
1.621429
1.723549
1.670139
1.797639
1.672414
1.699647
1.666667
1.719298
1.657848
1.672535
1.70979
1.649737
1.637961
1.7041
1.715827
1.699831
1.661431
1.710247
1.67684
1.646643
1.671795
1.698113
1.63964
1.650624
1.734007
1.707826
1.626812
1.752151
1.712281
1.667263
1.604938
1.676976
1.625225
1.618881
1.673546
1.660312
1.785838
1.65653
1.690972
1.675393
1.671902
1.670711
1.743151
1.621053
1.65445
1.642218
1.705298
1.693694
1.725086
1.572744
1.703571
1.645951
1.719723
1.66113
1.714286
1.639929
1.720768
1.695886
1.629091
1.714286
1.661692
1.689655
1.751656
1.641405
1.665517
1.662385
1.660036
1.668529
1.633452
1.679466
1.673611
1.63472
1.68547
1.625442
1.646643
1.657941
1.705151
1.702277
1.663004
1.627517
1.653846
1.652174
1.646847
1.68717
1.742268
1.706195
1.715789
1.604982
1.692573
1.655417
1.608919
1.657718
1.64794
1.774135
1.625874
1.61079
1.701987
1.721254
1.62963
1.642105
1.695205
1.71836
1.696335
1.590829
1.586207
1.652174
1.721739
1.697793
1.735099
1.628319
1.625668
1.622642
1.725424
1.673179
1.659649
1.74744
1.690516
1.672297
1.666087
1.665455
1.729452
1.694794
1.712803
1.678756
1.65233
1.652803
1.636364
1.655417
1.724265
1.759425
1.63606
1.65625
1.756614
1.619718
1.652336
1.676259
1.654321
1.621429
1.714286
1.634409
1.646209
1.708405
1.676157
1.696864
1.727941
1.65625
1.654189
1.745394
1.64476
1.68231
1.697509
1.696864
1.621324
1.683478
1.655052
1.693141
1.725424
1.695971
1.637011
1.677758
1.712855
1.708904
1.617857
1.723183
1.656192
1.699443
1.573585
1.66065
1.631387
1.707237
1.72695
1.678082
1.673759
1.736227
1.576642
1.635398
1.654676
1.62766
1.679856
1.688042
1.657143
1.669596
1.651706
1.764906
1.687612
1.626102
1.675485
1.780034
1.702509
1.723549
1.635714
1.64486
1.684956
1.651568
1.686131
1.610619
1.663837
1.697183
1.712305
1.699301
1.734007
1.678445
1.613357
1.616487
1.692308
1.67658
1.716783
1.688172
1.650624
1.754153
1.697715
1.745455
1.736568
1.702277
1.625874
1.707904
1.685315
1.608618
1.660312
1.644828
1.65704
1.705151
1.666667
1.638938
1.641844
1.793706
1.723183
1.631757
1.763699
1.69708
1.689464
1.643885
1.686131
1.590133
1.647687
1.75
1.718861
1.686957
1.670753
1.752542
1.663333
1.614545
1.693161
1.71949
1.714777
1.77094
1.708904
1.686957
1.738095
1.580645
1.751227
1.594255
