0.017942
-0.007095
0.02907
-0.087589
0.001372
0.021109
0.001078
-0.003001
-0.008876
0.047488
-0.020871
0.020946
0.025076
-0.060994
0.034219
-0.03923
-0.020098
0.025954
-0.040478
0.041636
0.009898
0.005132
8.4E-5
0.035792
0.004897
-0.002063
0.025973
6.49E-4
-0.031793
0.115821
-0.00858
-0.074202
0.022169
-3.46E-4
0.004739
1.6E-4
0.112786
-0.120654
0.023158
0.129261
-0.011747
0.007212
-0.037663
-0.056953
-0.0657
0.011595
-0.043762
0.069095
-0.016652
-0.00443
-0.074966
0.004499
0.003873
0.06317
0.025887
0.005859
0.02707
-0.045657
-0.007066
-0.027141
0.047391
0.005413
-0.036262
0.019224
-0.035128
0.063115
-0.039921
0.0048
0.012058
-0.057692
-0.068208
-0.008981
0.025488
-0.038593
-0.026067
-0.038684
0.031388
-0.060362
0.035298
0.042525
0.039933
-0.067807
-0.030924
-0.026168
-0.057231
-4.42E-4
0.040406
-0.032837
0.035633
-0.06066
0.002587
0.118157
-0.05456
0.034652
0.092135
-0.071716
0.019107
-0.024943
0.051649
0.116017
0.076111
0.028881
-0.079996
-0.076798
0.025794
0.033742
-0.094773
0.123009
-0.00313
0.023105
0.017787
-0.044291
0.015267
0.021428
-0.055779
-0.020699
-0.035742
0.053772
-0.020175
0.034475
-0.041333
-0.042739
-0.042937
0.065232
-0.032772
0.042557
0.043695
-0.052142
-0.007191
0.049092
-0.021135
-0.002845
-0.12087
0.022604
-0.048379
-0.040333
-0.071015
-0.005094
0.008474
0.01375
0.054773
-0.03602
0.01465
0.04428
-0.024828
0.04049
0.008482
0.04926
-0.019883
-0.018689
-0.034719
0.03059
-0.162001
0.0372
-0.037977
0.099337
0.089477
-0.020531
-0.006734
0.132774
-0.003634
-0.05119
-0.027777
-0.016796
0.015808
-0.047291
-0.022583
0.014581
-0.078509
-0.040243
-0.050669
-0.004155
0.052674
-0.022113
0.028112
-0.018764
-0.032663
0.031774
0.020744
-0.022554
0.008363
-0.025331
-0.002026
0.012227
0.001954
0.019668
0.00281
0.097335
-0.024773
0.056092
-0.028398
-0.00928
-0.022366
-6.74E-4
0.054058
-0.017621
0.024821
-0.114411
0.077862
-0.03891
-0.039734
9.8E-5
0.016636
0.044263
-0.008598
-0.019705
-0.033001
-5.8E-4
0.009607
0.006585
-0.013567
0.12562
0.024329
0.016119
0.001457
-0.028973
-0.003499
0.058808
-0.009815
-0.058085
0.030764
0.082975
-0.016891
0.082358
-0.037102
0.058438
0.011743
-0.083072
-0.061215
0.012012
-0.009053
-0.068798
-0.020732
0.012002
-0.069519
-0.016676
-0.007255
0.044769
-0.066162
-0.021467
-0.010276
0.058733
-0.011598
-0.018939
0.057872
0.024657
-0.012257
0.054416
-0.046626
-0.006382
-0.033991
-0.042276
-0.026373
-0.105937
0.043872
-0.010779
0.038691
-0.019428
-0.030724
0.028024
-0.047858
0.002829
-0.06743
-0.038326
-0.020381
0.039459
0.01746
0.015332
-0.05535
-0.027647
-0.03043
0.005521
-0.030332
-0.022007
-0.045883
-0.074848
-0.073383
-0.004517
-0.13872
-0.070337
-0.014505
-0.06253
-0.001831
-0.036121
0.015635
-0.113869
0.057504
0.052377
0.024919
-0.040938
-0.050418
-0.028878
-0.024728
0.033224
0.020379
-0.007471
-0.0518
0.006447
0.009269
-0.029996
0.020809
-0.022809
0.042517
-0.098196
-0.054194
0.016781
-0.026186
-0.012872
0.097258
-0.021694
-0.066103
0.034786
0.017456
0.01615
0.02313
0.006573
0.017701
-0.025507
0.069531
0.011153
-0.095921
0.035562
0.020441
0.006332
0.022947
0.084371
-0.094018
-0.027328
0.080493
0.029029
0.040257
0.019875
0.120575
-0.006838
0.037623
0.082332
0.079232
0.024232
0.024463
-0.003955
-0.002301
0.011825
0.033926
-0.112302
0.013071
-0.032933
-0.027214
-0.022968
-0.095419
-0.020544
-0.0156
0.020694
0.075303
-0.068392
0.075936
-0.093768
-0.0585
0.022118
-0.010723
-0.033624
-0.016144
0.067774
-0.043138
-0.013664
0.00251
-0.013234
-0.041917
0.037121
2.87E-4
0.03699
-0.014582
0.033286
-0.054639
-0.039906
-0.015055
0.043866
0.039511
0.060705
-0.09971
-0.024449
-0.008842
0.005385
-0.057023
-0.088346
0.026188
-0.014981
0.008611
0.003471
-0.021546
-0.029257
-0.026512
-0.002241
-0.065875
0.06806
0.010533
0.007428
-0.012466
0.017335
-0.119366
0.069672
-0.035035
-0.06249
-0.015154
-0.02205
-0.033931
-0.021731
-0.042707
0.034572
0.035147
0.032203
0.00609
-0.009348
-0.040392
0.091326
0.036352
0.013958
-0.033157
-0.004219
-0.080882
-0.039486
0.02871
0.040297
2.93E-4
0.049342
0.010477
-0.005158
-0.027766
-0.035118
0.062047
-0.046953
0.029201
0.056696
0.015832
0.01963
-0.08604
0.002508
0.060281
0.006352
0.017765
-0.052082
-0.053312
0.08395
-0.037576
0.038347
-0.039083
0.001411
0.087681
0.026131
-0.056145
0.011637
-0.037605
-0.09289
0.073638
0.073694
0.056852
0.071563
-0.050441
-0.006061
0.032394
-0.09167
0.038789
0.032728
0.0065
-0.041493
0.028741
0.077019
-0.077575
-0.01343
0.010877
0.04353
0.019314
0.01909
-0.00795
-0.023599
0.038712
0.018256
-0.038526
0.067516
-0.084789
0.028947
0.092557
0.01337
0.00917
0.005843
0.040985
-0.042345
0.074897
0.006053
-0.038814
-0.017573
0.013632
-0.01066
-0.046959
-0.058466
3.86E-4
-0.066089
0.049495
-0.017055
0.125086
0.050306
0.042569
0.003298
-5.41E-4
-0.05448
0.032288
-0.029605
0.059532
-0.005564
-0.034629
-0.037718
-0.034814
0.033346
0.036366
0.090152
-0.019886
0.016551
0.039047
0.029476
-0.085832
0.033102
-0.055363
0.053993
-0.07885
0.016937
0.116806
-0.085661
0.021574
0.035172
-0.048556
0.027805
0.057181
-0.065129
-0.035321
-0.050443
-0.031898
-0.003792
-0.036093
0.049709
-0.04993
-0.014568
0.017015
0.005038
-0.043523
-0.004646
-0.057229
-0.023329
-0.056415
-0.016829
-0.037222
-0.031815
0.021692
-0.025754
-0.015903
-0.08985
-0.016994
0.002203
-0.066851
0.009862
-0.082228
-0.005382
-0.04078
0.046706
0.02089
0.082999
-0.071758
-0.006977
0.064595
-0.021288
-0.031384
0.039831
-0.096647
-0.023299
0.095599
-0.048801
0.012141
-0.007366
-0.005659
-0.079752
-0.013302
0.03142
-0.11954
-0.077974
-0.060562
-0.056976
-0.04409
-0.122323
-7.23E-4
0.014128
-0.081983
0.048034
-0.001441
-0.003229
9.37E-4
-0.007707
-0.039134
-0.008591
0.006404
0.04997
0.015917
0.007069
-0.018628
0.005546
-0.024251
-0.004249
0.002702
0.03549
-0.031243
-0.083681
-0.081733
0.004307
0.016279
7.29E-4
-0.065048
-0.023647
0.098361
0.075069
-0.024247
-0.031495
-0.008675
-0.02053
-0.061259
0.099597
-0.032624
-0.074262
-0.006877
-0.018882
-0.036582
-0.014425
-0.043237
-0.103821
-0.017227
-0.041202
-0.004877
-0.035276
0.016868
0.124673
0.036609
-0.073656
0.028226
0.063481
0.051812
0.024197
0.006458
0.012794
-0.004793
-0.054132
-0.038132
0.008998
0.029789
0.033877
0.032441
-0.05348
-0.023226
-0.006019
1.49E-4
-0.01607
-0.010653
-0.006255
-0.025479
0.05927
0.036836
-0.03389
-0.030363
0.017197
-0.030406
0.107152
0.059424
0.003204
-0.075208
0.024607
-0.043263
-0.025221
0.015774
-0.001334
-0.021701
0.051675
0.023853
-0.063099
-0.066741
0.065528
0.094943
-0.014917
0.038085
-0.053601
-0.019195
-0.028579
0.006272
-0.018267
0.01336
0.044607
0.001205
-0.003008
-0.029533
-0.024003
-0.089967
0.071893
0.045014
-0.00646
0.015032
0.028261
0.012007
-0.042408
0.03067
-0.015616
-0.042036
-0.010183
-0.016143
0.052364
0.02045
-0.052208
4.5E-4
-0.01701
0.033751
0.038455
7.53E-4
-0.083774
-0.010832
-0.021529
-0.015265
0.055387
-0.04291
-0.018002
-0.02354
0.025287
0.015159
-0.024547
0.032324
-0.012692
-0.052806
0.008703
-0.002375
-0.02175
-0.028338
-0.083061
0.04494
0.039883
-0.08559
0.019517
0.015316
0.019497
0.086815
0.076776
0.002061
0.098958
0.088458
-0.054996
0.040823
0.016673
0.002264
0.079015
-0.007754
-0.047271
0.021305
0.040004
0.046261
0.02265
-0.024575
-0.061485
0.021629
0.095097
0.034667
-0.055203
-0.083776
-0.03361
0.032205
0.035609
-6.79E-4
0.0318
0.025586
-0.010014
-0.023711
-0.029779
-0.04676
-0.052112
0.051966
0.033656
-0.005293
0.008597
0.042102
-0.072766
-0.022763
0.069875
-0.03273
0.031187
0.002664
-0.042882
-0.047009
0.018091
-0.042269
0.025707
-0.065799
0.036327
0.015952
-0.012031
-0.145003
0.021845
0.035857
-0.011831
-0.068521
-0.017772
0.077195
-0.060613
0.008687
0.022012
0.015287
0.03212
-0.045056
0.005389
0.113992
-0.004342
0.025003
0.049996
-0.036275
-0.063607
-0.01592
-0.016678
0.047343
-0.045773
0.039631
0.007483
0.03359
-0.017687
-0.018309
0.042003
-0.052253
-0.035391
-0.010762
0.047604
-0.055023
0.061987
0.106327
-0.034356
0.029872
-0.01667
-0.028433
-0.014395
-0.035602
-0.052914
-0.067035
-0.083464
0.030354
-0.018806
0.117531
0.042199
-0.035464
0.006881
-0.003601
0.034452
0.017063
-0.047227
0.025635
0.023212
-0.051217
-0.047507
-0.074772
0.056234
0.016596
-0.089287
-0.010766
0.01779
0.054462
-0.064947
-0.065729
-0.068583
0.033241
-0.005771
-0.097869
-0.061328
0.013584
0.001336
0.06873
0.041463
0.050775
0.017679
-0.100257
-0.008165
0.005384
0.037555
0.020052
-0.04314
0.004651
-0.120452
0.038963
0.003749
0.051109
-0.050301
0.114587
-0.0103
-0.030885
0.010371
9.21E-4
0.025516
0.044313
-0.076494
0.02779
-0.003568
-0.037553
0.036248
5.56E-4
0.016865
0.021329
0.016312
-0.031097
0.092716
-8.04E-4
-0.011188
0.0481
0.043625
-0.048061
0.071572
0.012675
0.062757
-0.012652
0.051704
-0.006806
0.055021
0.033222
-0.071555
0.030241
-0.0082
0.011923
0.041929
0.031027
-0.090432
0.07495
-0.062492
-0.007438
-0.069846
-0.021479
0.049947
-0.022625
0.014369
-0.064594
-0.010605
0.104561
-0.039355
-0.024779
0.003511
-0.026242
-0.020012
-0.016059
-0.035965
-0.089112
0.063528
-0.01046
-0.061994
-0.061132
-0.018028
-0.010974
-0.034685
-0.003385
-0.070152
0.00239
0.021337
-0.056042
0.047616
-0.018598
-0.042439
-0.02741
-0.028642
0.045155
0.039426
0.052488
0.047103
0.073255
-0.020363
-0.028587
-0.052075
0.077474
-0.033568
-0.025447
-0.083718
0.01214
-0.005772
0.034578
-0.086815
0.065236
-0.03966
-0.053496
-0.04646
0.010687
-0.020854
0.034615
0.066016
-0.068943
-0.018538
-0.011114
0.005612
-0.044521
-0.016504
-0.017067
0.041776
-0.036597
-0.006441
0.01641
-0.037917
0.032692
-0.044188
-0.045403
-0.083067
-0.020328
-0.069299
-0.002278
-0.053664
-0.011662
-0.048557
0.049545
-0.002401
-0.047266
-0.021578
0.038962
0.073204
-0.043177
-0.025045
0.040807
0.02378
-0.003214
-0.05917
-0.033311
0.027979
0.014097
-0.002096
-0.042558
-0.034598
-0.081421
-0.063526
-0.054882
0.011353
-0.045864
-0.003479
-0.050959
-0.06539
0.03725
0.048824
-0.044014
-0.023671
-0.03666
-0.028666
0.045391
0.005083
0.021227
-0.023492
-0.025984
0.078793
-0.020555
-0.007146
-0.020192
0.060486
0.022167
0.075962
-0.03855
0.020855
0.092773
-0.003281
0.022964
-0.064288
-0.019827
-0.047487
-0.002268
0.09058
0.0785
0.034737
-0.018097
0.033206
0.088405
-0.010942
-0.045966
-0.025782
0.063843
-0.03836
-0.031148
-0.00472
-0.010216
0.014868
0.057612
-0.066434
-0.057898
0.040769
0.014627
0.070307
-0.114732
0.044959
-0.024588
-0.034824
0.050872
0.0333
0.018725
0.028247
0.044853
-0.045346
0.008642
-0.008143
0.010178
-0.113633
0.05872
-0.045032
-0.101388
0.017012
-0.012551
0.028015
0.006329
-0.023473
-0.027756
0.043896
-0.01658
-0.018824
-0.046951
0.043845
-0.017714
0.04166
0.029456
0.003388
0.044055
-0.045546
0.118834
0.023799
-0.008698
-0.032067
-0.037145
-0.078625
0.062884
0.01294
0.081078
7.51E-4
0.088286
0.065792
-0.08865
-0.038669
-0.013107
-0.041582
-0.024811
0.011182
-0.006649
0.007652
0.091949
0.040978
-0.031583
0.004227
-0.063989
-0.038771
0.008975
0.065384
0.020874
-0.013158
-0.035377
0.011423
-0.043762
0.020828
0.06831
-0.037147
0.034568
0.007025
0.061494
0.011748
-0.061641
-0.020591
-0.015554
-0.123898
-0.027068
-0.004938
-0.046673
-0.066209
0.033967
-0.075632
0.019292
-0.017962
0.035779
0.017429
0.078037
0.016807
-0.037103
0.043823
5.22E-4
-0.022972
-0.029001
0.061738
-0.031864
-0.049197
-0.042493
-0.031089
0.024225
0.054835
-0.060814
-0.013508
-0.036555
0.015792
0.010726
0.041942
-0.006317
0.001306
-0.032902
0.044932
-0.0143
-0.00889
0.033532
0.026559
-2.26E-4
-0.04085
-0.052271
-0.028283
-0.001013
-0.059283
-0.033502
-0.05358
0.058802
-0.001422
0.016484
-0.025477
-0.020656
-0.015859
-0.020793
-0.002057
-0.059194
-0.002105
0.012485
0.055443
-0.043866
-0.071713
0.037521
-0.050851
0.009997
-0.011205
1.2E-5
0.002071
-0.051525
0.027167
-0.02768
-0.079817
0.019442
-0.057616
-0.006983
-0.010276
-0.012853
0.018842
0.004784
0.01299
-0.054854
0.018217
0.005734
0.022383
0.007589
0.016861
0.02014
-0.009125
-0.078802
-0.006456
-0.029326
-0.056677
-0.007971
-0.025968
-0.015991
-0.080161
0.015284
-0.012505
0.004129
-0.020285
0.052798
-0.008687
-0.05398
-0.041821
-0.019778
0.013033
0.002154
-0.022969
0.023383
-0.056169
-0.004367
-0.009416
-0.041078
-0.068298
0.028951
0.045602
-0.062879
-0.025
-0.021095
-0.041108
0.026468
0.022795
0.011155
0.087932
0.00235
0.023674
-0.031075
-0.052469
-0.08546
-0.019685
0.021437
0.005594
0.024899
0.029753
0.009507
0.030278
-0.037068
-0.032306
-0.006564
0.006472
-0.004258
-0.016862
0.043071
-0.016544
0.055932
-0.009618
0.003239
-0.013655
-0.089472
-0.017208
0.03428
0.003762
0.022117
-0.01175
-0.031077
0.076569
0.00403
0.08368
0.047164
-0.006475
0.043251
0.005956
-0.021121
0.022986
0.001987
-0.004619
-0.016638
-0.020533
-0.04822
0.025828
0.072367
-0.004833
0.042775
0.024853
-0.023346
0.025866
-0.039855
0.053764
-0.05017
-0.052348
-0.020442
0.064189
0.013553
0.023941
0.008689
-0.029864
-0.009132
0.078884
-0.040525
-0.043531
0.061342
0.066732
0.112581
0.04876
-0.046774
-0.075854
-0.052386
0.041769
-0.009958
-0.027615
0.029842
-0.114376
0.001227
0.026735
-0.007422
-0.110769
-0.047652
-0.038298
-0.010246
0.048306
0.032197
-0.060991
-0.015981
0.072062
0.04424
0.006012
0.041353
-0.019016
0.045086
0.027729
-0.002383
-0.051092
0.049962
-0.002928
-0.034179
-0.111447
0.068016
-0.013517
-0.032821
0.016287
-0.021305
-0.049396
-0.091633
0.022825
-0.027396
0.019437
0.089656
0.046388
-0.006887
0.035105
-0.027933
0.050091
0.034305
-0.069302
0.086657
-0.036017
-0.099523
0.075536
0.054471
0.056574
-0.039088
-0.057957
-0.005089
0.011963
0.018318
0.057096
-0.003204
-0.007746
0.065066
0.024846
-0.002236
0.114765
-0.01293
0.066731
0.049256
-0.012463
-0.017528
0.025882
-0.033207
-0.051398
-0.116097
-0.007293
-0.075012
-0.116565
-0.01455
0.063614
-0.029915
0.020142
-0.028071
-0.021163
-0.011112
-0.00945
0.056977
0.004193
0.001006
-0.015486
0.024961
0.00764
0.006696
-0.027855
-0.087649
-0.00439
-0.114854
0.059985
-0.058504
-0.093738
0.030212
0.083874
0.083179
0.014868
0.050011
0.023516
-0.060518
-0.045476
0.038288
-0.108952
0.004559
-0.016003
-0.052088
-0.102869
-0.006085
0.027532
-0.011285
0.022917
0.024421
0.039737
0.016352
-0.067073
-0.013679
-0.053297
0.053529
0.003809
0.010098
-0.142872
0.028874
0.033194
0.03339
-0.042516
-0.014526
2.14E-4
0.089881
-0.03566
0.13296
0.074314
-0.055395
0.071991
0.002336
0.034272
-0.041232
0.051035
-0.009323
-0.013043
0.043291
0.061378
-0.024033
0.003579
-0.034522
0.00402
0.008225
0.008043
-0.007787
0.051105
0.039469
0.038957
0.01242
-0.009863
-0.118329
-0.021754
0.074233
-0.009061
-0.005465
0.007936
-0.100779
-0.019825
0.073489
-0.021704
0.041004
-0.095438
-0.023654
-0.013868
-0.039337
0.083411
-0.065232
-9.18E-4
0.137361
-0.040306
-0.046818
-0.032621
-0.001345
0.065724
0.054527
-0.063886
-0.011318
-0.014337
-0.08255
0.069004
-0.047263
-0.055181
0.030956
0.075022
0.028119
0.009481
-0.071904
-0.034027
-0.043889
-0.047142
-0.085516
0.044294
-0.022998
-0.050368
-0.027979
-5.43E-4
-0.107472
0.032421
-0.032994
0.040557
0.011642
0.0422
-0.056805
-0.027963
-0.062626
-0.040142
0.031886
0.034536
-0.064142
0.02517
0.044209
0.006284
0.017528
-0.076025
0.075227
0.012556
-0.029604
-0.032888
-0.01335
-0.014655
-0.024394
-0.001854
-0.00976
0.095888
0.013218
-0.030287
-0.097248
0.014733
-0.055691
0.024193
-0.00203
0.014633
-0.017397
0.002978
-0.013935
-0.026879
-0.029459
0.029346
0.018992
-0.038623
0.058667
-0.027027
-0.050877
0.014429
0.071385
-0.029696
0.002009
0.015537
0.035158
-0.08505
0.045945
-0.037071
-0.019338
0.047453
-0.053631
0.045497
-0.001039
-0.071605
-0.003591
-0.1339
-0.01153
0.020082
0.036398
0.032223
-0.020644
-0.007823
-0.040171
0.068237
0.020597
0.125332
0.028861
-0.044808
-0.025614
0.02283
0.027862
-0.045829
0.00134
0.028452
-0.03148
-0.032661
-0.015911
0.102332
0.014641
0.042077
-0.020879
-0.064635
-0.063877
0.011172
-0.02153
0.065209
-0.087172
-0.058403
-0.047653
0.031759
-0.05277
-0.01168
0.06996
-0.082697
-0.066911
-0.01012
0.127616
-0.030852
0.053714
0.085713
-0.144834
0.008911
0.041854
0.104688
-0.071352
0.030697
8.19E-4
0.090399
-0.001206
0.054705
0.012715
-0.002165
0.015012
0.014825
-0.088887
-0.078005
0.056773
0.051737
-0.021818
0.017306
0.026637
-0.098328
0.029603
0.041953
0.001664
-0.095514
-0.034427
0.020984
0.005591
0.01472
0.003439
-0.021776
-0.015756
-0.12224
-0.060904
-0.003254
-0.027175
0.012198
-0.034918
-0.033882
-0.057922
0.006919
-0.101198
-0.004186
-0.008488
-0.108919
-0.066942
0.029777
0.010982
-0.071487
-0.017857
-0.017303
-0.012347
-0.007084
-0.055297
-0.085008
0.021518
0.02861
-0.019561
0.025286
0.005646
0.034477
-0.054976
0.046414
-0.026526
0.042607
0.051762
0.002685
0.005039
0.017713
-0.014163
-0.012055
-0.026788
0.004184
0.041923
-0.026572
0.015351
-0.062921
-0.067814
-0.006056
0.049828
0.008951
-0.028904
-0.002067
-0.007468
-0.043073
-0.030812
5.37E-4
-0.018945
0.028272
-0.040424
0.009965
0.050698
0.005825
0.061295
-0.060703
0.023385
0.032355
0.05687
0.072308
-0.04537
0.008926
-0.005597
0.024972
-0.082727
0.035165
-0.097478
0.003523
-0.005732
-0.052144
0.044848
-0.013778
-0.001689
-0.068007
7.28E-4
0.065603
-0.036697
-0.066816
-0.011114
-0.01145
0.032294
0.008732
-0.101393
-0.074459
-0.075176
-0.08692
-0.051442
0.060182
-0.148869
0.060566
0.02734
-0.048919
-0.019133
-0.027775
-0.052026
-0.041588
-0.018021
0.020278
-0.022102
0.023644
-0.047158
0.006654
-0.027306
-0.046097
-0.012298
0.004016
0.062087
-0.03321
-0.008155
0.038725
0.092734
-0.026514
-0.038721
1.89E-4
-0.034255
-0.026314
0.032561
0.028059
-0.022629
-0.037434
-0.039003
-0.008689
-0.063803
-0.03035
0.043222
-0.023427
0.022723
-0.006148
0.031927
-0.053114
-0.013931
0.003131
-0.034831
-0.005619
0.072527
-0.080129
0.08248
0.057644
-0.022773
-0.005312
-0.016499
0.058469
0.074107
-0.031665
-0.084616
0.027257
-0.0716
-0.090624
0.028074
-0.060966
0.002496
0.02591
0.003738
-0.027344
-0.016719
-0.058679
-0.037964
0.050497
-0.028012
-0.017819
0.001625
0.035228
-0.022853
-0.044792
-0.111099
-0.004823
-0.035014
-0.00366
0.004181
-0.02324
0.063925
0.015325
-0.025476
0.015806
-0.001315
-0.017134
-0.032426
-0.034814
-0.009192
-0.053796
-0.001327
-0.066288
0.034008
0.018563
-0.008467
0.048891
-0.023328
-1.39E-4
0.007954
0.100261
0.039723
0.064749
-0.055042
-0.017756
-0.012706
0.016607
0.048274
0.015621
-0.040664
0.027146
0.045044
0.029397
-0.034722
-0.017273
0.025931
-0.08436
-0.027778
0.032761
-0.017999
-0.011631
0.014998
-0.052009
0.002601
0.017614
-0.013025
-4.84E-4
-0.055474
0.016108
0.002301
0.008965
-0.024807
-0.027484
-0.071565
-0.024148
0.03359
-0.044659
0.029388
0.066734
-0.048758
0.028103
-0.011888
-0.032046
-0.00371
-0.016065
-0.029746
0.132567
0.004007
-0.063539
-0.007791
0.022306
0.051724
-0.01563
-0.119368
0.036991
-0.008925
-0.062677
-0.014718
-0.048693
-0.006573
0.017036
5.43E-4
0.054504
0.076056
0.020999
0.024192
-0.046387
0.002547
0.017332
0.017839
-0.044289
0.098868
-0.003024
-0.064023
-0.038508
0.030197
0.052517
-0.030172
-0.046675
0.015153
0.032593
-0.010401
6.51E-4
0.097328
-0.064819
-0.008513
-0.031585
0.045321
0.023182
0.001074
0.018975
0.067953
-0.023239
0.002068
0.002211
-0.012318
-0.018924
0.02874
-0.042495
-0.005189
0.033812
0.091747
0.107557
0.049933
-0.03175
0.01665
0.044002
0.030268
0.02752
-0.026961
0.046335
0.037973
-0.024115
-0.042322
0.023415
0.033898
-0.024389
0.005849
-0.024547
-0.04261
-0.001786
0.04173
0.112628
0.037201
0.019371
7.61E-4
8.7E-5
6.0E-4
0.073047
-0.013396
-0.081905
-0.024436
0.096511
-0.022841
0.047915
0.007375
0.03163
0.053296
-0.00793
-0.113501
0.028189
0.066806
-0.009146
-0.011435
0.050188
0.006244
-0.074723
0.089202
-0.061668
-0.052628
0.030085
0.012757
-0.006667
0.031428
0.042513
-0.077367
-0.022384
-0.110295
-0.021545
0.01371
-0.016226
-0.021313
-1.38E-4
-0.01576
0.06321
0.023311
0.043555
0.014778
0.064149
-0.021177
0.029641
0.009668
-0.004368
-0.047524
-0.005338
0.023676
0.021264
-0.026962
-0.032773
-0.05242
-0.002082
-0.05234
0.07092
0.002797
0.022034
0.042395
-0.021587
0.022027
0.039118
-0.020244
0.031524
0.005639
-0.017165
-0.027348
-0.039757
-0.008799
-0.029251
-0.008265
0.057086
0.014005
0.034654
-0.025925
-0.011535
0.03841
0.043268
-0.009819
0.095385
0.028716
0.007395
-0.009419
-0.020223
0.022195
-0.024355
-0.026016
-0.036593
0.019333
0.155663
0.00101
0.018095
-0.00911
-0.019834
-0.077942
-0.07271
0.071352
0.021508
-0.022932
-0.039298
-0.057108
-0.062403
0.045484
0.046981
0.001028
-0.019867
-0.091347
0.004803
-0.023549
0.021832
-0.011982
-0.055221
-0.067974
-0.01942
-0.019576
0.04909
-0.018402
-0.12284
-0.044527
-0.008946
-0.0675
0.001174
0.013834
0.029816
0.008531
0.009852
0.015953
0.028288
-0.02945
0.046728
-0.04753
-0.005342
-0.025739
-0.005444
-0.024548
-0.038359
-0.086835
-0.026853
0.048075
-0.017357
-0.002347
0.01326
0.040893
0.04162
-0.037269
0.029037
-0.042943
0.009741
0.006265
0.040164
0.003085
-0.057353
-0.112503
-0.033943
0.025161
-0.023194
-0.035446
-0.01603
-0.0138
-0.02523
0.030102
-0.057953
0.005537
0.001959
-0.004827
-0.083405
-0.064733
-0.080226
-0.056944
0.024783
0.043827
0.01067
-0.007587
0.070589
-0.038033
0.032969
-0.032375
0.05953
-0.060861
-0.058982
-0.024859
-0.020209
-0.032814
0.02578
-0.041581
0.026003
0.027106
-0.050661
0.048584
0.029361
-0.081132
0.017545
0.048475
0.045167
-0.027835
0.012393
-0.016912
-0.021249
-0.068719
0.014293
-0.005091
0.089654
0.021119
0.030151
-0.067384
0.04935
-0.036459
-0.003727
0.089856
0.024595
-0.05899
-0.004764
-0.043005
-0.02784
-0.010324
0.016512
0.012622
-0.054795
-0.07657
-7.72E-4
-0.121569
-0.050215
-3.75E-4
0.00474
-0.046455
-0.043913
-0.07573
0.032168
0.029732
-0.002724
0.012518
0.024579
-0.005594
0.046098
-0.104355
0.039349
-0.048229
0.061972
0.043363
0.006035
-0.02308
-0.033585
-0.018111
-0.045568
-0.070875
0.046607
-0.039673
0.00354
0.042528
0.01582
0.045383
-0.005173
0.00287
-0.035734
-0.040673
-0.004808
7.61E-4
0.035653
0.064587
0.011489
0.016114
0.034144
-6.12E-4
-0.033861
0.03368
-0.028651
-0.047943
0.038506
-0.03668
-0.002855
0.030552
0.047245
-0.042573
-0.008954
-0.036997
0.015227
0.05268
-0.005791
0.109976
0.026972
-0.062458
0.011284
-0.057037
-0.037481
-0.001444
-0.07806
-0.044871
-0.055292
0.055007
-0.045252
0.033497
0.003355
-0.056581
0.018868
0.023154
-0.038293
-0.04127
-0.03862
0.099993
0.103097
0.030786
-0.007426
-0.05946
0.002891
0.029404
-0.077589
0.004505
0.017101
0.003374
0.020197
0.126848
0.08682
0.024036
0.080052
0.054351
0.052545
-0.005746
0.038012
-0.032567
-0.002119
-0.016644
0.057602
0.050848
0.011804
0.003504
0.007781
-0.006143
-0.037026
-0.01999
-0.030734
0.001075
-0.017282
1.5E-5
9.8E-5
0.081731
-0.10184
-0.006586
-0.035923
0.008981
-0.096259
-0.009192
-0.024446
0.013314
-0.006856
-0.01963
-0.019777
-0.069775
-0.021175
-0.008193
0.05181
-0.00884
-0.10996
9.63E-4
0.007165
-0.035353
-0.021818
0.020781
-0.021471
-0.018021
0.067641
-0.032844
-0.01306
0.00704
-0.009793
-0.063561
-0.079149
0.022396
-0.012969
-0.064989
-0.049095
0.009956
-0.007021
0.011266
0.009573
-0.035624
0.048045
-0.094543
0.012443
0.034081
0.054178
-0.064345
-0.006635
0.080447
-0.01546
-0.010291
-0.023251
0.015867
0.001914
0.002578
-0.037822
-0.077756
-0.026311
-0.098301
-0.026017
0.038549
0.038217
0.033544
-0.023844
-0.060797
-0.096207
-0.001059
-0.061052
0.015615
0.057816
0.072963
-0.054123
-0.010963
0.023477
-0.038832
0.075203
-0.010013
-0.047872
0.036325
-0.048646
0.016754
-0.021422
0.055986
0.054683
-0.025508
0.005358
-0.058444
0.019905
0.008394
-0.071734
0.036531
-0.09169
-0.01651
0.036158
-0.048099
0.055431
-0.079341
-0.053558
-0.049236
-0.073338
-0.032895
0.019627
0.050366
-0.025597
-0.010286
-0.054404
-0.027347
-0.026218
0.037361
0.052978
-0.02372
0.012442
0.003163
0.006942
-0.067445
-0.057772
-0.041046
-0.025109
0.002154
0.02176
0.014446
-0.043609
-0.056678
0.028178
0.066821
-0.040893
-0.021605
0.030721
-0.005822
0.024411
0.029528
0.019667
0.018827
0.06532
0.040595
0.048637
-0.07349
-0.003785
0.107474
-0.092141
0.027519
-0.00877
-0.009117
-0.080928
0.018707
-0.027997
0.054795
-0.040427
-0.021855
-0.034092
-0.00448
0.036464
-0.034799
-0.03719
-0.03667
-0.013353
0.034561
0.005101
-0.030124
-0.038287
0.029957
0.030653
0.008226
-0.07229
-0.006795
-0.013493
0.00942
-0.0697
-0.016913
0.062436
-0.046345
0.040824
-0.016938
-0.035371
0.046464
-0.023717
0.015811
0.087476
-0.035366
-0.06654
-0.055694
-0.116235
-0.014924
0.003589
-0.010268
0.050026
0.005513
0.008676
-0.011083
-0.045215
-0.047523
0.037252
0.04976
0.00392
0.001414
-0.010374
-0.057786
0.013519
-0.04547
-0.010487
0.074966
0.014387
0.070465
-0.034107
-0.0337
-0.03159
0.011322
-0.030847
-0.015188
0.036767
0.032057
-0.019359
-0.092849
0.04228
-0.00389
0.028139
-0.027216
0.058808
-0.069248
0.044101
0.05564
0.025746
0.00855
-0.021501
0.031901
0.016486
0.030151
-0.047427
-0.020974
-8.71E-4
0.018375
0.027077
0.02002
-0.011842
-0.063041
0.006674
-9.9E-4
-0.049577
0.011873
-0.037828
0.055691
0.019931
0.040198
0.023786
-0.009512
0.005627
0.048536
-0.028487
-0.036263
0.033807
-0.03638
-0.022979
-0.007724
0.004238
-0.013197
0.001546
0.050032
-0.023272
5.18E-4
-0.001763
-0.020902
0.00679
0.019198
0.069139
6.48E-4
-0.045983
0.040388
-0.004901
-0.027563
-0.048702
0.045335
0.013765
-0.020408
-0.041102
0.041988
-0.048962
-0.059114
-0.083224
-0.043833
0.024341
0.089817
-0.032557
-0.050152
0.045012
-0.040349
-0.055175
-0.069101
-0.022639
-0.031823
-0.003585
-0.075082
-0.029274
0.03409
-0.028205
-0.100772
0.048395
0.037274
0.026182
-0.039991
0.059283
0.060087
0.005551
0.064117
0.007802
-0.048356
-0.006149
-0.010454
0.07675
0.085667
0.040748
-6.45E-4
0.026659
0.048376
0.061202
0.039408
-0.050308
-0.018026
-0.018528
-0.05713
0.134971
-0.068881
0.054097
-0.016156
0.023928
-0.042227
0.008255
-0.02183
0.030788
-0.061125
-0.025563
0.081899
0.052841
0.003699
-0.065566
-0.02672
0.030161
0.048684
-0.071344
0.058691
-0.062922
-0.027469
-0.03911
-0.016927
0.007796
0.083777
-0.115364
-0.036673
0.037507
-0.005798
0.063581
-0.001625
-0.02363
-0.073063
-0.032584
0.023692
0.083777
0.013679
0.045526
0.08658
-0.046997
0.041355
-0.018829
0.044358
0.026312
-0.052184
0.010117
-0.02436
-0.001812
0.020538
0.039435
0.002183
-0.004721
0.036794
-0.064902
0.032381
0.035935
0.015154
-0.003169
-0.030319
-0.06171
0.024425
-0.008523
3.91E-4
-0.019978
-0.047508
0.042389
-0.007285
-0.038808
-0.030243
0.033083
-0.018934
0.029601
-0.022885
0.017778
0.029186
-0.062689
-4.55E-4
0.007667
-0.046672
-0.005279
0.035506
-0.065837
0.040437
-0.08033
-0.049803
-0.019794
0.127582
5.13E-4
0.02681
-0.063017
0.036986
-0.070423
-0.040794
0.002345
-0.00171
0.029538
-0.027301
-0.038952
-0.050862
-0.016037
-0.022979
-0.057207
-0.019235
-0.049117
-0.018022
-0.05251
-0.008454
-0.01518
-0.003255
-0.031325
-0.064162
-0.024612
0.041269
-0.023225
-0.003586
0.009371
0.046325
-0.036728
0.051035
0.001475
0.069576
0.018043
-0.057932
0.007052
0.041624
-0.050942
0.001203
-0.077482
0.020122
-0.071116
-0.008722
0.055323
-0.078855
-0.05731
-0.019104
-0.006957
-0.077619
-0.007501
-0.069647
-0.024657
-0.080003
-0.061825
0.007812
0.030211
0.04783
0.037935
0.015893
-0.019079
0.036262
-0.076451
-0.045835
0.025826
-0.022915
-0.003877
0.030303
-0.041984
0.043275
0.028959
0.049161
-0.036613
-0.004298
-0.028875
0.077758
-0.04086
-0.05953
-0.00856
0.039981
-3.5E-5
0.02872
0.017861
-0.077451
-0.061158
0.002177
0.071791
-0.058087
0.034984
0.02799
-0.032453
0.017198
-0.048714
-0.08439
0.055901
-0.04035
-0.037872
-0.001735
0.049959
0.103071
0.057386
0.012948
-0.017269
0.042839
0.015056
0.009328
-0.03042
-0.016008
-0.056091
0.018563
-0.006765
0.050037
-0.103646
-0.004645
-0.082279
-0.001984
-0.016203
0.020638
-0.004682
-0.024463
0.011647
0.02327
0.002991
0.020217
-0.060984
0.019973
0.032786
-0.097976
0.004594
0.036643
0.040059
-0.039428
-0.028317
0.030403
-0.016165
-0.029233
-0.071489
0.023315
0.007585
0.052677
-0.058694
-0.004849
-0.014759
0.0285
-0.025204
-0.026497
-0.022229
0.011373
-0.025991
-0.065098
-0.156311
-0.003567
-0.021991
0.002288
0.023785
0.095011
0.057821
-0.052509
-0.128615
-0.053611
0.04323
-0.028265
0.020948
-0.067177
-0.027081
0.064748
0.002633
-0.003731
-0.015654
0.078892
-0.052255
-0.031062
-0.024975
0.045183
-0.041977
-0.085049
-0.025394
-0.080632
-0.022066
-0.035133
0.036104
-0.001244
0.018358
-0.027068
0.023001
0.025909
-0.002274
0.002639
0.036401
0.003499
0.01451
-9.4E-4
0.040796
-0.044458
0.022528
-0.087296
0.006127
-0.009033
-2.78E-4
-0.031
0.029194
-0.011083
-0.039418
-0.041302
-0.062826
-0.004006
0.006169
-0.0173
-0.005464
0.04934
0.004654
0.03986
0.082122
-0.082127
-0.029256
-0.047977
-0.007849
-0.044531
0.050551
-0.071681
-0.010395
0.029535
0.11771
-0.028103
0.037592
-0.037338
0.004851
-0.047776
-2.75E-4
-0.042313
-0.039949
0.030257
0.024369
-0.068505
-0.048926
0.115036
-0.023624
-0.044919
0.032772
-0.01295
0.033065
-0.005161
-0.006412
-0.099753
0.065143
-0.013956
-0.061848
-0.044218
0.026461
0.012262
0.003705
-0.044348
0.018771
-0.005595
-0.010532
0.098809
-0.017989
-0.092565
-0.089345
-0.057013
-0.049594
0.023703
3.8E-5
-0.054154
0.061602
-0.034954
-0.022764
0.016948
-0.03004
-0.053506
0.044792
-0.074886
0.062287
0.026545
0.018555
0.019374
0.024712
-0.059865
-0.031253
-0.003062
-0.026136
0.005965
0.003803
0.007068
-0.039818
0.039893
-6.71E-4
0.071287
0.034733
-0.02223
-0.075527
0.028214
-0.047124
0.035481
0.028754
0.0336
-0.018519
0.053607
-0.021369
0.002889
0.018051
0.044567
-0.050668
0.050343
0.044502
-0.033974
0.013456
-0.051052
0.022612
-0.049928
0.009962
0.041152
-0.013019
0.075616
-0.019083
-0.02191
-0.102654
0.017818
0.030287
-0.03738
-0.024917
-0.007901
-0.030358
-0.03542
0.033195
-0.018288
-0.027487
0.006349
0.063392
-0.007262
0.025928
-0.008843
0.058574
-0.059295
-0.036654
0.024693
-0.086901
-0.047133
0.051763
0.066629
-0.070499
-0.108088
-0.026576
-0.045938
-0.008415
0.028335
-0.066691
-0.00575
-6.5E-4
0.023381
-0.04279
-0.019009
0.052159
0.026646
0.080744
-0.003683
-0.028072
0.010495
0.039656
-0.024965
0.018386
-0.024293
0.014614
-0.028929
0.010406
-0.005863
0.033024
0.084693
-0.017761
-0.017049
-0.084546
-0.05459
0.102548
0.031765
0.004586
0.012177
0.006253
1.08E-4
-0.094678
0.001118
-0.010921
-0.001411
-0.014498
-0.009004
0.08864
-0.028424
0.036171
-0.028034
0.002571
-0.032155
0.056533
-0.02167
0.031309
-0.029289
-0.035314
-0.007729
0.003932
0.004505
-0.066572
0.026678
-0.036994
-0.070409
-0.028958
0.002074
0.050672
0.019651
0.035184
-0.030223
0.043055
-0.005728
0.022599
-0.017172
-0.073297
0.027639
-0.050935
0.017452
-0.030865
0.003463
0.041213
-0.01605
0.10105
0.007707
-0.048911
-0.072881
0.096754
-4.74E-4
0.042661
-0.14349
0.009695
0.062348
0.012629
0.00897
-0.018272
-0.079183
-0.019581
0.007374
0.013525
-0.095666
0.024621
-0.002525
0.044503
-0.029338
0.0045
-0.025464
-0.058095
-0.119703
-0.072996
0.021649
0.006214
0.035151
0.012088
-0.018645
0.018799
-0.08042
0.015828
-0.041222
0.015965
-0.009881
-0.020644
0.065096
-0.002323
0.031147
-0.037059
0.023781
-0.021028
0.081678
0.022806
0.04356
-0.022788
0.016885
0.010213
-0.039792
-0.028657
0.090973
0.069351
-0.024874
0.038784
-0.018697
-0.044995
0.002999
-0.050869
-0.038016
-0.006911
0.059064
0.044073
-0.032861
0.00955
-0.055046
-0.020956
-0.034095
-0.006099
0.114412
-0.042111
-0.017774
-0.001518
0.004674
0.089711
-0.036995
-0.042509
-0.057079
0.037911
0.001894
0.021041
-0.027106
0.044235
-0.08113
-0.032773
0.015713
0.046711
0.056812
-0.018759
0.002098
-0.11031
0.048476
-0.043474
-0.001737
0.009885
-0.019934
0.014104
0.005482
-0.010027
-0.036551
-0.002804
0.011904
-0.00283
-0.098314
-0.046601
0.027232
-0.062851
0.043772
0.023931
-0.019464
-0.035139
0.065164
0.032417
-0.003926
0.00828
-0.037779
-0.036962
-0.018011
0.053945
0.08062
-0.032021
-0.013662
0.005419
-0.011822
0.03974
0.00221
-0.028732
-0.018128
-0.033947
-0.052573
0.03664
-0.00341
0.009007
0.02456
0.02251
0.010281
-0.051089
-0.013835
0.002763
-0.031942
0.08643
-0.084062
5.4E-5
0.079914
-0.066594
0.05308
0.01506
0.050288
0.018256
-0.035151
-0.04753
-0.054354
-0.115177
-0.115456
-0.074184
-0.057734
4.82E-4
-0.045423
-0.02667
-0.018083
-0.037316
-0.036271
0.052641
-0.052244
0.120746
-0.080618
0.016098
0.043948
0.049581
0.016221
-0.077229
0.02848
0.101098
-0.047944
0.026941
-0.047544
-0.099265
0.018095
0.034317
0.016722
0.0442
-0.032508
0.039587
-0.080392
0.03041
0.094373
-0.066609
-0.098125
0.077707
0.034866
-0.050005
0.01018
0.025096
0.017502
-0.042023
-0.03401
-0.004808
-0.091971
0.026215
-0.037924
-0.008173
-0.060456
-0.045566
-0.062793
0.014368
0.001422
-0.033001
-0.012063
0.091146
-0.083552
-0.046697
0.058218
-0.005088
-0.009731
-0.007837
-0.00762
0.016493
-0.072191
-0.06108
0.077067
-0.016523
0.022386
0.015414
0.011465
-0.031374
-0.073213
-0.065794
-0.013168
0.022851
0.03122
-0.011518
-0.020785
-0.056681
-0.031811
-0.050114
-0.025179
-0.013551
0.10036
-0.008833
-0.007878
-0.042256
0.028547
0.011837
0.025404
-0.017048
0.002157
-0.048996
-0.058463
0.001437
-0.063413
-0.023191
0.051193
0.001111
-0.055549
-0.011462
-0.045416
0.025165
-0.016857
0.008348
-0.058107
-0.004874
0.022009
0.006105
-0.037789
-0.02414
0.002846
-0.049768
-0.031184
-0.035609
-0.028777
-0.028929
-0.033165
-0.051252
0.041717
-0.030135
0.007202
-0.014508
0.047605
-0.044749
0.007618
-0.009888
0.02957
-0.047443
0.051203
-0.00644
-0.009535
0.034451
0.060988
0.117862
0.026744
-0.059064
0.007387
-1.64E-4
-0.044696
-9.8E-5
0.068662
0.001036
0.067557
-0.033252
0.054302
0.002625
0.09495
-0.005014
-0.001662
-0.070978
0.066739
0.011295
-0.037265
0.059174
-0.022993
0.016631
-0.00662
-0.003336
0.024177
-0.044721
0.009764
-0.045873
-0.00774
0.023871
0.033829
-0.027914
-0.01426
-0.118394
-0.016514
-0.047246
-0.030438
0.01847
-0.055596
-0.001883
-0.052055
-0.04192
0.032695
7.19E-4
-0.010902
-0.025297
-0.0644
-0.124667
0.023222
0.04075
0.0415
-0.022918
-0.023247
0.053464
-0.026045
-0.025596
-0.021287
0.08558
-0.019136
0.015047
-0.015635
0.025647
0.004656
0.018168
0.013583
-0.002013
-0.067894
0.010761
0.089762
0.032612
-0.059228
5.8E-4
0.015961
0.068766
-0.027001
-0.03615
-0.108658
0.037974
0.01674
0.010078
-0.059966
-0.087776
-0.062122
-0.035559
-0.003465
0.003495
0.004407
-0.045359
-0.009521
-4.39E-4
-0.008669
0.024959
0.047809
-0.027981
0.01573
-0.028458
-0.011111
-0.023366
-0.021545
-0.013248
-0.023608
0.028895
0.033478
0.010977
-0.066274
0.020623
-0.017077
-0.039806
-0.055317
0.041784
0.032312
-0.009085
0.064609
-0.059338
-0.014808
0.042549
0.001958
0.057835
0.023955
0.023589
-0.003469
-0.066713
-0.021335
0.002652
-0.023334
-0.050176
0.062551
-0.012322
-0.04135
0.054769
-0.023093
-0.016098
0.008879
-0.056002
-0.011836
-0.102141
0.030449
-0.041594
-0.071042
-0.013252
0.004455
-0.053266
-0.042208
-0.027545
0.00532
0.015127
-0.039843
0.036863
-0.063092
-0.003784
-0.054123
0.012205
-0.007479
0.028755
0.054131
-0.041732
-0.039842
0.093606
-0.011264
-0.028254
-7.55E-4
-0.004129
0.012513
0.007845
-0.039875
-0.063608
-0.012492
0.038495
-0.028003
-0.005709
0.038892
0.041997
0.018998
-0.016573
0.056791
0.013056
0.05232
0.0245
-0.062982
-0.027423
0.044017
0.056857
-0.050987
0.076896
-0.002197
-0.001217
-0.004297
5.76E-4
0.023876
0.003935
-0.00461
-0.033648
-0.029318
0.005522
-0.01554
-0.048003
5.16E-4
-0.005793
0.020805
-0.01463
-0.043879
0.025036
0.036359
-0.051209
0.031228
-0.016339
0.036654
-0.02012
0.0127
0.034732
-0.050908
-0.05886
-0.004509
0.032942
0.060133
-0.015622
-0.059576
-0.011299
-0.019811
-0.028426
-0.019137
-0.085455
0.029893
-0.01828
0.016982
0.085598
-0.060299
0.121833
-0.015699
-0.053831
-0.061644
0.019204
-0.025943
-0.094949
-0.053537
0.008234
0.030102
-0.019529
0.014915
-0.061626
-0.031178
-0.080105
-0.099591
0.069465
0.037142
0.059186
-0.029356
0.040019
0.056274
0.075537
0.039188
0.033991
-0.078569
0.025632
0.038765
0.042619
-0.036042
0.020506
-0.051029
-0.051608
0.026286
-0.019545
0.016113
-0.005396
0.029154
0.031968
-0.046404
-7.1E-4
0.065194
-0.041796
-0.019386
0.032883
-0.058588
-0.136957
0.006018
-0.063327
0.009617
0.043029
-0.084741
0.037184
-0.06149
-0.053755
-0.001204
0.07448
-0.041553
-0.001458
-0.030129
-0.0358
-0.026229
-0.002763
0.095823
0.105781
0.026146
0.062735
0.017862
0.04323
0.016789
-0.055094
-0.017585
0.02662
0.044224
-0.027544
-0.063972
-0.057379
0.03988
-0.045271
0.016045
0.005268
0.022357
-0.058042
-0.050771
-0.061896
0.040313
0.088681
-0.001499
-0.028115
-0.038072
0.024962
0.047455
-0.003397
0.067113
0.03664
-0.019299
-0.126407
0.016137
-0.012484
0.031096
-0.01083
-0.072615
0.008524
0.004301
0.037768
0.025592
0.008454
0.006734
0.032376
-0.026855
-0.029946
-0.0422
-0.014641
0.029719
0.005647
0.025102
0.041395
0.043072
0.035584
0.03647
0.064336
-0.026252
0.056326
-0.042267
-0.033657
-0.063616
0.015643
0.016485
0.04695
0.074077
0.015195
0.028336
0.014046
0.008144
-0.097013
0.088842
-0.082589
0.005829
-0.006853
-0.010598
-0.008426
-0.031855
0.017356
-0.080664
0.02936
0.029844
-0.02989
0.064393
0.024338
-0.00793
-0.023773
-0.080789
-0.017666
0.052007
0.031674
0.020437
-0.06714
-0.012692
-0.040994
-0.018274
0.052448
-0.01276
-0.014436
-0.028954
0.005593
-0.105692
0.001864
-0.024766
-0.045298
-0.058882
-0.05611
-0.023495
-0.031695
0.041977
-0.056027
0.090564
0.05366
0.003122
-0.05779
-0.005626
0.036561
-0.005095
0.052657
0.032938
0.045546
0.013571
-0.040831
-0.002505
-0.045501
0.068988
0.118734
-0.069524
-0.03726
-0.074776
0.04598
0.053909
-0.043162
-0.082508
0.022801
0.015081
-0.04647
-0.016025
-0.101625
-0.005273
-0.040572
-0.003187
0.027891
-0.030347
0.032509
-0.053071
-0.040821
0.042309
0.072704
-0.039001
-0.012614
0.003208
0.098453
-0.058819
0.009319
0.05237
-0.009697
-0.008681
0.003936
-0.009285
-0.010165
-0.05958
0.01288
0.06777
0.063678
0.007955
0.083478
0.00736
-0.016865
-0.026934
-0.017767
-0.062608
0.030865
-0.001949
0.003156
0.032506
0.044621
0.027241
0.011672
0.023599
0.0266
-0.110236
0.027209
0.043925
-0.019082
-0.002401
-0.009042
0.05192
0.002564
-0.014395
-0.005778
0.056597
-0.049149
-0.032198
-0.03999
0.01175
-0.06337
0.046725
0.001401
-0.054951
0.050952
-0.077954
-0.035653
0.02782
0.062779
0.067915
-0.051051
-0.009813
0.007843
-0.052011
0.032434
-0.088508
0.055391
0.102163
-0.016468
-0.018194
-0.005979
-9.47E-4
-0.049257
0.027836
0.013664
0.002264
-0.051638
-0.067283
0.007724
0.040239
-0.006741
0.017038
-0.049242
0.066991
0.051516
-0.06208
-0.014305
0.070228
-0.028061
-0.033198
-0.061522
0.119934
-0.097391
-0.03113
-0.038324
0.073411
0.0818
-0.042368
0.004077
-0.017416
-0.029833
-0.05051
-0.034873
-0.024675
-0.003485
-0.041664
-0.022429
-0.012991
-0.047462
-0.012423
-0.037881
0.016295
-0.072449
0.04753
0.046302
0.015398
-0.020546
0.014408
0.086059
-0.009317
-0.023426
0.025627
-0.023064
0.043944
-0.018836
0.034547
0.033884
0.015759
-0.027421
0.031727
0.009635
-2.79E-4
0.050714
-0.006755
-0.059883
-1.44E-4
-0.01558
-0.021796
-0.074947
-0.061759
0.006398
-0.06549
0.047516
-0.004217
-0.071146
-0.077877
0.096542
-0.070105
0.078325
0.0205
-0.038206
0.030262
-0.0426
-0.038364
0.008141
-0.031913
0.043312
-0.00769
0.002906
-0.049897
-0.036274
-0.022462
0.016124
-0.039948
0.011585
0.027986
-0.059281
-0.011366
-0.050372
-0.037043
-0.027046
0.092116
0.074314
0.058757
0.051003
-0.082418
-0.015539
0.006647
-0.02349
-0.007097
0.080561
-0.027201
0.012096
-0.007933
-0.067606
0.039596
0.062576
-0.003879
-0.044744
-0.019036
6.06E-4
-0.075716
-0.050749
0.021217
-6.12E-4
-0.00329
-0.010784
-0.024103
0.028237
0.001462
0.001825
-0.014314
0.006075
-0.044894
-0.028848
-0.010232
0.046328
-0.093037
0.063443
0.02221
-0.0716
-0.031295
0.009754
0.007882
0.00573
-0.04098
-0.021491
0.044265
0.071434
-0.007659
-0.028219
-0.029527
-0.005925
-0.090121
0.022974
0.034383
-0.094628
-0.041902
0.02745
-0.015461
-0.029633
0.020163
-0.072942
0.005724
-0.018367
-0.019753
0.007413
-0.006903
0.012387
0.087124
-0.017643
-0.010546
0.04919
0.005227
-0.045158
0.021154
-0.06715
-0.001401
-0.025833
-0.041877
0.037626
0.045276
-0.053053
-0.01926
0.072513
-0.062527
0.019069
-0.079355
0.01417
-0.021685
0.091167
-0.023281
0.008069
-0.031259
-3.97E-4
-0.017653
0.094425
0.09314
-0.020371
-0.065408
-0.062535
0.002377
0.032095
-0.05666
-0.059269
-0.021264
0.016368
-0.046542
-0.106079
0.006565
0.002075
0.049757
-0.023818
-0.035311
-0.048186
-0.00318
0.005573
-0.014448
-0.022002
-0.009897
0.030121
0.037275
-0.019109
-0.093594
-0.043998
0.01794
-0.016462
0.004211
0.048616
-0.04721
-0.034391
0.029329
0.052436
-0.015863
-0.098578
0.035523
0.008081
-0.003001
0.01117
0.029073
-0.042351
-0.005559
-0.020095
0.013101
9.06E-4
-0.099339
-0.071264
0.050727
0.026166
0.037062
-0.037817
-0.043444
-0.013043
0.00682
0.05229
0.032792
-0.002903
5.02E-4
-0.079307
-0.106961
0.036816
0.017572
0.04316
0.076588
0.043979
-0.017687
0.081295
0.029943
-0.034172
-0.003527
-0.008372
-0.051222
-0.051098
-0.084586
-0.109361
-0.008538
-0.084467
0.06378
0.023642
0.036611
-0.009934
0.035706
0.035795
-0.018474
-0.045157
0.033316
-0.026458
-0.030019
-0.027879
0.091331
0.05793
-0.068333
0.048691
-0.032715
-0.025785
0.012412
0.012792
-0.010607
-0.018596
-0.001241
-0.00737
-0.081121
0.002045
-0.029275
-0.049851
0.027718
-0.021358
-0.027116
-0.056343
-0.019688
-0.020507
-0.083095
-1.89E-4
0.039214
-0.00678
-0.017856
-0.028838
-0.01361
-0.011162
-0.014249
-0.014463
-0.035447
-0.07998
-0.037396
0.055122
0.006853
-0.07341
-0.05912
-0.05125
-0.1191
-0.076363
-0.041192
-0.079478
-0.009456
-0.02465
0.061583
0.008457
0.028459
0.08898
-0.072473
0.017215
0.036893
0.047048
0.009964
-0.017598
0.049163
-0.011731
0.054414
0.011725
-0.025119
0.06035
0.036859
0.053052
0.047865
-0.126322
0.01125
0.035099
0.0349
-0.0516
0.006301
0.02664
-0.002143
0.021849
-0.055591
0.014962
-0.01558
-0.06083
0.07874
0.026636
0.055505
-0.07332
0.038024
0.070183
-0.049477
-0.028333
0.01492
-0.035941
-0.062046
-0.026753
0.00391
-0.052128
0.048401
-9.07E-4
-0.056424
0.003195
-0.009094
-0.053792
0.011761
0.054623
-0.005463
-0.036742
0.037089
-0.08666
0.0244
3.51E-4
0.01512
-0.00281
-0.078332
-0.094375
-0.029192
0.015602
-0.038354
0.030558
-0.045546
0.082947
-0.06732
-0.03122
0.123501
-3.85E-4
0.10312
-0.055409
0.054173
-0.028604
0.051971
0.02328
-0.08109
0.016564
-0.094567
-0.02275
-0.02041
-0.108576
0.047639
0.0402
0.01718
-0.131704
0.015505
-0.090394
0.027144
0.012191
-0.032953
0.030431
-0.09049
-0.027133
-0.071769
-0.034024
-0.068682
0.003281
-0.028658
-0.005678
0.054206
0.002664
0.021796
-0.023395
0.010381
-0.031091
-0.007127
-0.034574
0.051894
0.03998
0.038713
-0.048901
0.023887
-0.040295
-0.035887
-0.018034
0.027856
0.101673
0.055973
0.066787
-0.019057
-0.106917
-8.83E-4
-0.004928
0.010053
-0.012052
-0.027003
0.059322
-0.093147
-0.002788
0.051182
0.014752
-4.6E-4
0.024424
6.83E-4
0.043617
0.09655
-0.043537
0.004306
0.003264
0.081819
-0.054171
0.04314
-0.026082
-0.028866
-0.013567
0.027659
-0.023015
0.075543
-0.040495
0.023963
0.032265
0.008649
0.009139
-0.065812
-0.008046
-0.055855
0.043377
0.068914
0.03075
0.01213
-0.013495
-0.003
0.052726
-0.027213
-0.026253
0.018234
-0.040363
-0.009058
-0.018326
-0.037566
0.006804
6.63E-4
0.122172
-0.009294
-0.086286
0.026172
-0.026677
3.69E-4
0.050598
-0.028898
0.099754
-0.106313
0.019766
-0.002168
-0.025707
-0.05755
-0.021302
-0.054719
0.087725
-0.086192
0.061803
0.051282
-0.011899
0.047108
-0.010295
0.007597
0.064246
0.020902
0.097775
0.010908
0.030817
0.01675
-0.029018
-0.046578
0.050383
-0.008352
-0.003544
-0.001559
-0.00101
0.068356
0.107966
-0.036928
0.03327
-0.026852
0.028139
0.013925
0.041508
-0.003453
-0.068794
0.009506
-0.03554
-0.010061
-0.080549
-0.049371
0.025902
-4.63E-4
0.106023
0.022555
-0.059356
-0.060803
-0.018631
0.018458
-0.055478
0.006786
-0.045991
-0.03085
0.051616
0.073644
0.036553
0.049405
0.042844
0.024608
0.108445
-0.05177
0.118966
-0.025338
0.028261
0.067035
0.007176
0.044561
0.051942
0.042264
-0.036363
-0.049413
0.073621
-0.020268
0.015289
0.055521
0.036112
-0.089042
-0.061643
-0.0357
-0.018952
-0.089918
-0.04252
0.041968
0.005582
0.024187
-0.006935
-0.038263
0.035249
-0.017812
0.062678
0.0875
0.015689
0.056968
0.049079
-0.111956
-0.044976
0.009158
-0.024577
-0.028906
0.034744
-0.010651
-0.034962
-0.044819
0.03945
-0.020932
-0.020491
-0.0471
-0.032896
-0.04648
-0.07843
0.072398
0.002529
-0.028525
0.005841
-0.017124
-0.027653
0.052677
0.014795
-0.071011
-0.013532
0.044957
0.028148
-0.036459
-0.07279
-0.018389
0.014141
-0.063646
-0.002738
0.032722
0.005684
0.015946
0.046537
-0.031481
0.051603
0.092464
0.040778
-0.021713
-0.024117
-0.040992
-0.009728
7.6E-5
-0.060287
-0.067811
0.014228
-0.022169
-7.23E-4
-0.008762
0.017871
0.009596
-0.065631
-0.01144
0.01796
-6.76E-4
-0.038462
0.0239
-0.054058
-0.029113
0.120324
0.036649
-0.04895
-0.021129
0.074051
-0.025879
-0.094616
0.055746
-0.034108
-0.062837
-0.07259
0.054786
-0.039684
-0.054185
-0.037266
-0.019349
-0.06293
-0.051246
0.01287
0.032588
0.030938
-0.006878
0.102692
0.028457
-0.032013
-0.006057
0.039717
-0.030726
0.003698
-0.033176
0.024766
0.074401
0.048347
-0.049961
-0.07076
0.042848
-0.001182
-0.051635
-0.083362
0.005851
-0.00185
-0.024305
0.083409
-0.047264
0.012869
-0.034731
0.028533
-0.029891
0.063767
0.109859
-0.067779
0.070023
-0.110323
-0.009027
0.04114
-0.00634
-0.059361
0.024538
-0.05187
-0.008276
0.014901
-0.010878
-0.039069
-0.057222
-0.001357
-0.003212
0.027632
-0.024221
0.047999
-0.028593
-0.049104
0.03165
-0.014485
-0.03976
0.070312
0.063126
0.002655
-0.047744
-0.021972
-0.054813
-0.066672
-0.015464
-0.02639
-0.0028
-0.028694
0.059786
-0.008521
-0.052247
0.02816
-0.072718
0.01264
0.094542
-0.063021
-0.03775
-0.092769
-0.009643
-0.032679
-0.010753
0.044673
0.01149
-0.050845
-0.076991
-0.039888
0.028568
0.033356
-0.034548
-0.098019
-0.005483
0.026716
-0.038981
-0.030876
0.066802
0.053552
-0.066722
-0.088447
-0.02223
-0.017306
0.005809
-0.08287
-0.014093
-0.039871
0.032498
0.016878
0.052786
0.04146
0.027403
0.030381
0.022461
0.047659
-0.006803
5.08E-4
-0.087446
-0.013177
0.012178
0.010007
-0.028037
-0.038693
0.033534
-0.033531
-0.025091
-0.013649
0.025254
0.02667
-0.033391
-0.039567
0.034457
0.08835
0.037945
0.001486
0.014426
-0.028645
-0.060342
-0.060531
-0.044604
-0.049333
-0.031286
-0.010126
0.058777
-0.023488
0.008437
-0.061523
0.041762
0.012607
0.002144
0.006403
-0.025116
0.018278
0.05402
-0.046203
0.012507
-0.026768
0.032298
0.027081
-0.013949
-0.085434
0.097912
0.034428
-0.010678
-0.008328
-0.06259
-0.077974
-0.006638
0.01267
0.012585
0.127969
0.003082
0.022189
-0.091569
0.030819
-0.081186
0.031686
-0.053574
0.066001
0.028035
-0.051312
-0.02002
0.001047
-0.001271
0.008983
-0.037988
-0.030905
-0.058545
-0.013455
-0.012483
0.076241
-0.00205
0.035936
-0.036432
-0.066055
0.043968
0.055737
0.077581
-0.013104
0.041453
0.021952
0.035139
0.016684
-0.103035
0.016315
-0.056824
-0.065732
0.016984
-0.015022
-0.028446
-0.039122
-0.002502
-0.002158
0.023296
-0.042529
-0.03092
-0.093668
0.079676
0.032184
0.0127
0.022531
0.003931
-0.077096
-0.006621
-0.070019
0.074148
-0.052221
-0.05692
-0.028191
0.006814
-0.012358
0.011508
0.01394
-0.04097
0.010744
-0.008127
-0.09182
0.035518
-0.040104
-0.047294
-0.011591
0.004533
0.047132
-0.008036
0.024496
0.055772
-0.007246
-0.044394
0.04809
0.027789
-0.013357
-0.001821
0.047507
0.010087
-0.00683
0.102909
-0.019924
-0.004911
-0.021139
0.107794
0.041135
0.051282
0.007475
0.01187
-0.006846
-0.051787
0.030795
0.036315
0.036275
0.011441
-0.009434
-0.009753
-0.011614
-0.012094
-0.033213
0.015866
-0.055418
-0.002299
0.018005
0.028095
-0.019368
-0.098746
0.016116
0.023798
0.0451
0.03988
-0.05636
-0.063637
0.0499
-0.020416
0.008066
0.032485
0.008245
-0.047422
0.012208
0.12629
0.039083
0.042345
0.037395
0.009292
0.027608
-0.014104
0.005658
-0.011773
-0.100133
-0.103698
-0.067774
-0.076685
-0.047301
0.022292
0.086297
-0.029481
0.017652
0.095767
-0.066277
-0.043909
-0.077004
0.015311
-0.030566
-0.023046
0.091324
0.001336
0.02792
0.053167
-0.064702
-0.06761
-0.005294
-0.016275
-0.050648
-0.080032
-0.04204
0.026009
0.016594
-0.058886
0.05657
-0.103572
-0.015533
0.025748
-0.006322
0.03339
0.027988
0.048747
-0.007671
0.001979
-0.019593
0.05059
-0.065999
-0.005318
0.032701
-0.04197
-0.048013
-0.06867
-0.053982
0.018294
0.013671
-0.011172
0.016649
0.045955
-0.100358
0.055273
-0.036794
0.062231
-0.036905
0.038644
0.032672
0.017377
0.039195
-0.055068
0.018586
-0.029617
0.015712
-0.027538
-0.084674
-0.038042
0.018311
0.03062
-0.121384
-0.011494
-0.041302
-0.104803
-0.016596
-0.034027
-0.029407
0.001504
-0.054472
-0.075719
0.023968
-0.00325
-0.047926
0.099911
0.057125
0.050588
-0.015512
8.38E-4
0.056214
-0.046139
-0.084611
0.031421
-0.002291
0.02999
-0.021418
0.070406
0.018053
0.040445
-0.015504
-0.084671
-0.055154
0.065981
0.011237
0.06561
0.021681
-0.004864
-0.09472
-0.020582
-0.02416
0.064352
0.140546
-0.036745
0.003681
0.006261
0.02602
-0.015183
0.022799
0.053844
0.033803
-0.098652
0.052035
-0.015341
0.011347
-0.03173
-0.066329
0.082164
0.089904
0.04313
-2.69E-4
-0.012413
-0.019683
0.031221
-0.004629
0.03813
-0.017203
-0.029503
0.06627
0.011543
-0.025811
-0.038896
-0.006414
-0.002498
0.010913
0.042254
0.011661
0.043456
0.006885
0.021416
0.014545
-0.035317
-0.009765
-0.004884
0.058516
0.053397
0.050872
-0.020984
0.07628
-0.026299
-0.054897
-0.114142
-0.02894
0.10595
-0.008558
0.02914
-0.058692
0.022768
-0.093226
-0.009251
0.02393
-0.006825
0.035456
-8.02E-4
0.040491
0.037613
0.040238
0.015431
-0.0553
0.043153
0.003655
-0.047782
-0.045978
-0.001039
-0.046689
-0.010788
-0.065224
0.002876
-0.004452
-0.076203
0.014442
-0.066755
-0.042948
-0.057257
0.001765
-0.056116
-0.00594
-0.056671
0.026503
-0.025692
0.004323
0.023487
-0.022263
-0.032855
-0.03506
-0.01962
-0.005369
0.085935
-0.016827
-0.061803
0.028978
0.005747
-0.006813
0.024468
0.02745
0.069098
-0.035036
0.017244
-0.051549
-0.005155
0.023393
-0.042623
-0.038559
-0.062709
0.007783
0.05581
-0.056565
0.037438
0.046936
-0.046108
0.034167
0.069103
0.021215
-0.037219
0.019297
0.083944
-0.045212
-0.064231
-0.05726
0.017802
0.043235
0.090892
0.016423
0.009717
0.023989
0.027307
-0.040316
-0.046637
0.053913
-0.011275
0.048812
-0.06145
0.046447
0.050446
0.05384
0.01476
-0.057501
-0.018828
0.029589
-0.044513
0.010411
-0.034788
-0.049173
0.03854
-0.035334
1.1E-4
-0.018176
0.014527
0.036492
0.042752
0.012927
-0.099894
0.042233
-0.042768
-0.049309
-0.031513
0.00507
0.041368
-0.127039
-0.02928
0.032727
-0.030968
-0.06432
-0.008302
0.010177
-0.005386
-0.022271
-0.04618
0.01998
-0.012739
-0.028538
-0.088174
-0.041383
0.055168
0.008307
0.041082
-0.025362
0.037266
0.047102
-0.059653
-0.006096
-0.037137
-0.019083
-0.054564
0.099516
-0.024225
0.021751
-0.024609
0.030772
-0.033118
-0.035115
0.048793
0.024594
-0.077951
0.020518
0.038986
0.063869
0.110172
0.058854
-0.066838
0.017718
-0.116476
-0.029778
-0.025873
-0.028472
2.53E-4
0.10275
0.019389
0.01482
0.002392
0.024338
-0.061183
-0.077098
0.022275
-0.021762
-0.074663
0.035099
-0.043772
-0.035027
0.016821
-0.064093
-0.02033
0.060664
0.002369
-0.003174
-0.069929
0.056164
-0.03749
0.016385
-0.035808
-0.050019
0.031977
-0.068573
0.01284
0.017349
-0.002874
0.029126
-0.065578
-0.024246
0.015208
0.00674
-0.008158
0.009943
0.019564
0.020385
-0.075426
-0.024114
-0.045189
-0.00315
0.077311
0.019588
0.021939
-0.039005
0.030921
-0.004422
0.067372
0.017513
-0.031175
-0.037646
0.004239
0.034122
0.007076
0.071091
0.011049
0.063168
0.078701
0.077167
-0.019298
0.053421
0.049877
0.023955
0.018208
-0.049
8.52E-4
-0.045544
-0.02403
-0.053819
-0.043085
0.068196
0.104477
0.024804
0.015539
-0.02336
-0.044583
0.065529
-0.025062
0.071864
-0.094507
0.06606
0.052149
-0.039337
-0.03705
-0.019394
-0.032264
-0.004067
0.059003
0.002335
0.010233
0.054709
-0.002159
-0.024211
-0.002695
0.046218
3.08E-4
0.020387
0.027204
0.069632
-0.02689
-0.006436
0.102512
-0.015852
-0.00939
-0.057353
-0.035109
0.006873
0.051567
0.024766
-0.087496
-0.010263
0.058839
0.012903
0.030049
-0.025659
-0.040683
-0.025616
0.059665
-0.04055
0.011321
-0.040286
0.011159
0.003806
0.024708
0.07217
-0.047371
-0.013737
0.056537
0.02909
0.001948
0.043827
-0.039903
-0.070912
-0.025019
-0.080686
-0.039057
-0.007628
0.006251
-0.001264
0.004308
0.015088
0.019564
-0.056854
-0.107687
-0.030926
0.040392
0.062703
-0.020667
0.020248
-0.015058
0.03612
0.033596
-0.024349
-0.076953
-0.05214
-0.065484
-0.025441
-0.03647
0.021008
-3.81E-4
-0.011767
-0.018802
-0.01767
0.023989
0.029982
-0.007584
-0.010463
-0.069097
0.012194
0.095397
-0.058554
0.062215
-7.47E-4
-0.052239
0.026705
-0.070609
0.032603
0.010991
-0.041234
0.025577
-0.031449
-0.036034
-0.024496
-0.022759
-0.045575
0.006104
-0.052263
0.068282
0.033352
0.076868
0.043469
-0.002485
0.036394
0.105831
-0.114629
0.014697
0.024272
-0.035164
0.020935
-0.001285
-0.047828
-0.034717
0.061082
-0.004986
-0.052995
-0.001698
0.069069
-0.082212
-0.02485
-0.010678
0.026338
0.059258
-0.028615
-0.020647
0.059613
-0.050889
0.021
-0.034214
-0.004991
-0.009483
0.083937
-0.036764
-9.69E-4
-0.033598
0.022178
0.015874
-0.039533
-0.038546
0.043
0.056295
0.027156
0.04309
-0.010195
0.02538
-0.002237
0.042629
-0.029667
-0.029425
0.030599
0.021088
-0.034178
0.031429
0.006737
-0.035282
-0.075146
-0.034608
0.04367
0.033677
0.07438
-0.093246
-0.006225
-0.015297
-0.033052
0.075308
-0.045733
0.019907
0.070409
0.032014
0.0032
-0.080526
0.0554
0.092054
0.06803
-0.04224
0.081089
-0.02649
0.00336
0.024591
-0.014987
0.012651
-0.049206
-0.029409
-0.002884
0.032438
0.08384
0.026716
-0.004257
0.019283
-0.077238
0.039668
-0.039431
0.023573
-0.004086
0.074861
-0.034488
0.039527
-0.002601
0.06866
0.006686
-0.008653
-1.5E-5
-0.039074
0.034169
0.083068
0.012544
0.017068
-0.021937
-0.049326
-0.029355
-0.044929
0.03117
-0.022766
-0.016746
0.039404
-0.018981
-0.018716
-0.016916
-0.027569
-0.02574
0.035921
0.019331
0.006757
0.033243
-0.048857
0.047436
0.035927
-0.020097
0.047745
-0.125543
0.01252
0.076006
-0.034313
-0.024752
-0.003099
0.002814
-0.002358
4.28E-4
0.052777
0.012505
0.019873
0.037594
-0.021831
-0.012216
0.075203
-0.034575
0.044908
-0.032322
0.072665
-0.02851
-0.017413
-0.040725
0.051729
-0.021773
0.009241
-0.039274
0.131008
-0.045616
0.01615
-0.002807
-0.027608
0.050104
0.020646
0.065092
-0.052174
0.004588
0.083322
-0.058877
-0.010544
-0.059223
-0.0638
-0.015422
-0.021825
0.015177
-0.050989
-0.001723
0.016712
0.004014
-0.041238
-0.064846
-0.013829
-0.015737
0.087582
0.077632
-0.022148
-0.010634
-0.038123
0.002084
-0.049787
0.052216
-0.0073
0.019336
-0.067071
0.066039
0.029244
-0.080578
0.004775
0.021447
-0.001896
-0.020397
0.009743
-0.051587
0.012807
-0.098218
-0.014555
-0.003322
0.038994
0.033034
0.028784
-0.034315
-0.082491
-0.007226
0.03918
-0.02302
0.044574
0.009389
0.023467
0.012766
-0.01173
-0.054257
-0.045061
0.008745
0.006968
-0.003524
-0.049816
0.05996
0.008124
0.022406
0.013264
-0.086005
-0.023867
0.001682
-0.013824
0.069078
-0.01617
0.001887
-0.039222
-0.023969
0.037604
0.001825
0.039046
-0.010992
0.057646
0.003537
0.045717
-0.005586
-0.007378
-0.023898
0.091573
-0.048825
-0.08457
-0.024696
0.043184
-0.006718
0.029395
-0.051326
-0.118196
-0.034422
0.028889
0.093696
-0.019789
-0.03775
0.056569
0.06638
0.070404
0.012589
-0.022818
-0.100258
-0.026362
0.01394
0.090329
-0.0153
-0.056764
-0.063687
0.00656
0.032534
0.031286
0.026034
0.013998
0.00943
-0.030698
0.045021
0.018688
-0.021226
-0.061954
-0.095345
-0.094458
-0.025403
-0.022216
-0.048627
-0.002138
-0.078331
-0.075984
-0.067953
-0.032435
0.026582
0.033052
0.035083
-0.033506
0.021323
-0.008825
-0.05977
0.007031
-0.071829
0.016537
0.006416
-0.006643
-0.008216
-0.014368
0.024097
-5.97E-4
-0.062181
0.013185
-0.034274
0.020826
0.032582
0.007166
-0.008873
-0.005412
0.015343
0.062857
-0.022256
-0.013389
0.054837
0.023954
-0.036386
-0.004732
-0.020626
-0.040917
-0.037687
0.04995
-0.11213
0.029854
0.013597
0.018117
-8.21E-4
-0.001462
0.007246
0.081143
0.07003
-0.065145
-0.098641
0.001146
0.007771
-0.034575
0.017034
0.005588
0.027733
0.027492
-0.06363
-0.004011
-0.075085
0.021484
0.039406
-0.001458
0.037357
0.054982
0.006745
0.006669
0.001427
-0.01876
0.013355
-0.08953
0.042864
0.054162
-0.016604
-0.014124
-0.05824
-0.088044
0.025789
-0.061797
-0.00533
-0.033189
0.031952
-0.010649
0.062007
-0.060075
-0.014291
0.022424
0.080926
-0.054826
-0.00214
-0.039395
-0.02227
-0.084661
-0.111904
0.005026
-8.89E-4
0.046618
0.028519
0.020635
0.045984
-0.052006
-0.066835
-0.023427
-0.126494
0.014657
-0.062277
-0.100666
0.051055
0.049217
-0.031745
0.058992
-0.054365
0.020189
-0.071624
-0.057288
0.068435
-0.047732
0.002257
-0.016515
0.004495
-0.065292
0.002394
-0.061763
-0.071787
-4.63E-4
6.27E-4
-0.035319
-0.05787
-0.115459
0.010608
-0.04527
-0.050724
0.077766
-0.045496
0.088491
0.022679
0.004898
-0.007305
-0.001361
-0.007369
0.038314
-0.040082
0.07663
-0.042555
-0.031214
0.016225
-0.088426
0.027427
0.030696
-0.003622
0.026338
-0.045254
-0.03574
-0.023902
-0.021698
0.021628
0.046293
0.067643
0.001195
-0.016124
0.010509
-0.01233
0.059637
0.012041
0.020257
-0.031581
0.045335
0.09016
0.01093
0.003021
0.073913
-0.085684
0.01957
0.017832
-0.056073
-0.034648
-0.01644
-0.034637
0.029243
0.049144
-0.033314
-0.061367
0.05013
0.022776
-0.018756
-0.013809
0.052744
-0.038327
-1.77E-4
-0.017876
-0.040347
0.065955
-0.047444
-0.021843
0.057288
0.030703
0.129208
-0.012101
0.010474
-0.08827
0.060784
0.025511
-0.028037
-0.008608
-0.047804
-0.06431
0.038706
-0.022988
-0.106212
0.072153
0.001976
-0.034565
-0.054604
0.003396
-0.054394
-0.018954
0.013403
0.073674
-0.001003
0.027208
0.070476
-0.068576
0.033692
0.075155
0.003572
0.014625
0.051209
-0.039619
0.007435
-7.41E-4
0.060585
0.082197
-0.023051
-0.092864
1.32E-4
0.062012
-0.008609
8.72E-4
-0.014237
-0.048861
-0.042974
-0.012608
0.035482
0.026794
0.082845
0.10362
0.0018
0.005034
-0.051679
-0.005791
-0.049124
0.064181
0.07985
-0.006814
0.007469
0.075436
0.012024
-0.02362
-0.019511
0.026764
0.032776
-0.017845
0.002614
-0.04376
0.008545
-0.061454
-0.036878
-0.015874
-0.00647
0.015061
-0.013101
0.125177
-0.042026
-0.007323
-0.072979
-0.003082
0.098682
0.006298
0.093131
-0.024695
0.011323
-0.034734
-0.058366
-0.049208
0.026403
0.043281
-0.056742
0.080367
0.051776
2.87E-4
-0.102967
-2.22E-4
-0.049531
-0.027016
0.082519
0.026365
0.00831
0.028221
0.018196
0.034336
0.031651
0.030749
-0.014701
-0.031281
-0.017329
0.020798
-0.029373
0.019087
-0.0335
0.005877
0.010269
0.047237
-0.009674
-0.028641
-0.036865
0.044215
0.019862
-0.067977
-0.053819
0.005189
0.027228
-0.043076
0.02161
-0.01211
-0.030237
0.004645
-0.038081
0.021087
-0.040716
0.1177
-0.013005
-0.109827
0.041849
-0.071933
0.085834
-0.02138
-0.025603
0.028187
0.060582
-0.085125
-0.070639
-0.038052
-0.06533
-0.009145
-0.042798
-0.078619
-0.021517
0.011669
-0.004891
-0.043581
-0.07284
0.054094
-0.022138
-0.006824
0.027047
0.020667
-0.02629
-0.042399
-0.001841
0.043413
-0.037542
0.020439
-0.003468
-0.03398
-0.003901
-0.041702
0.045007
0.03997
0.046786
0.060668
-0.002683
-0.023086
0.046551
-6.29E-4
0.016526
0.016909
-0.004498
-0.021507
0.040392
-0.039792
0.014183
-0.031994
0.014115
-0.054723
-0.032853
-0.007157
0.046691
-0.061631
-0.037958
-0.010168
-0.112306
-0.120352
0.088113
-0.04518
-0.027573
-0.068727
0.013079
0.036926
0.059475
0.039039
0.010737
0.002418
-0.024178
-0.003551
-0.012907
-0.002869
-0.028636
0.007352
-0.063967
-0.037803
0.047312
-0.013956
-0.024592
0.021164
-0.042244
-0.03788
-0.01204
0.018025
-0.012322
0.003155
0.065098
0.046654
0.008826
0.108345
0.033425
-0.009701
-0.039256
-0.006722
-0.014278
0.053632
-0.034547
0.025447
-0.062912
0.063119
-0.005281
-0.00918
0.023247
0.014223
0.032443
-0.019813
-0.001637
-0.006697
-0.108335
0.024917
-0.012046
0.017775
-0.051767
0.050817
0.057632
-0.042503
0.006804
0.026488
0.050773
0.056629
0.016598
-0.133827
-0.017735
0.012399
0.041289
-0.075302
-0.061895
0.013839
0.060805
0.044894
-0.054232
0.036733
-0.006063
-0.015353
0.021503
-0.065541
-0.027181
-0.039998
-0.00429
0.030886
-0.07775
-7.85E-4
-0.035132
0.001459
-0.009907
0.007798
0.017166
0.032393
0.020554
0.072459
-0.092991
-0.027902
-0.032271
0.017115
0.014186
-0.069887
-0.045796
0.001308
0.005763
-0.027771
-0.008144
-0.008817
-8.09E-4
-0.012977
0.007938
-0.032907
0.070909
-0.071812
-0.065695
0.018623
-0.03198
-0.06707
-0.03467
0.011876
-0.056449
0.013365
0.0143
0.04542
-0.017246
0.088538
0.042194
0.046519
0.00432
7.17E-4
-0.001827
-0.003314
-0.096445
0.03203
0.033496
0.063059
-0.031236
-0.065111
-0.023771
-0.034132
0.006249
0.07641
0.003044
-0.044327
-0.08349
-0.016527
-0.033137
0.010858
-0.069147
0.003258
-0.02465
0.004475
-0.057372
0.00886
-0.009292
-0.010794
0.029345
0.015307
0.002693
-0.021801
0.044376
-0.017323
0.043668
0.060376
0.052553
0.01065
0.101312
0.046451
-0.025571
-0.051272
-0.008811
-0.008483
-0.040673
0.047125
-0.093686
0.019789
-0.00517
0.011399
-0.014839
0.123334
-0.015576
0.052487
0.069614
-0.04066
0.017601
-0.050714
-0.013095
-0.00267
-0.025908
0.028554
-0.032576
0.032706
0.069951
-0.07907
-0.031971
0.019251
-0.045863
-0.028081
0.042625
-0.042062
0.020506
0.025607
-0.036334
0.03744
0.010679
0.085748
0.016644
-0.046073
-0.056634
-0.027402
0.006344
0.041077
0.075922
-0.054931
-0.031364
-0.016641
0.049874
0.029922
-0.113052
-0.069353
-0.063899
-0.034805
0.004853
0.022798
0.015178
-0.013397
-0.021836
-0.051334
-0.011042
-0.003246
0.055775
0.012165
0.010051
0.026249
0.078151
0.034669
-0.052227
-0.024555
-0.019643
0.028068
-0.016784
0.041109
0.077947
-0.033494
0.034338
0.004646
0.03363
-0.019911
-0.050864
0.017375
-0.024364
-0.009231
0.001559
-0.008728
0.068813
1.7E-4
-0.0513
0.062491
0.028867
0.052278
-0.00132
-0.039945
0.074271
-0.00607
0.017623
-0.021785
0.122066
-0.024528
0.010647
-0.104591
0.074012
-0.14801
-0.066859
-0.001484
-0.023804
-0.025454
0.016253
0.001668
-0.019233
0.01329
-0.099135
0.037298
-0.024874
-0.114742
0.052328
0.032618
0.069193
-0.005427
0.053482
-0.048224
0.001505
0.031978
0.001477
-0.05385
-0.022337
0.046702
-0.005252
0.009212
0.036526
0.079682
-0.053299
-0.029943
0.01325
-0.056069
-0.005122
-0.010536
-0.026451
-0.022551
0.024103
0.0245
-0.095056
-0.086812
0.101875
0.016541
-0.020888
-0.024655
0.007309
-0.065283
0.050086
-0.049349
0.013681
0.016158
-0.023439
0.050875
0.045244
-0.025925
0.012247
-0.012244
-0.03083
-0.018511
-0.057704
0.108025
0.047474
-0.050938
0.050847
0.006678
0.053368
0.010099
-0.092012
-0.036303
0.01218
-0.009164
0.050726
-0.089519
-0.057156
0.018435
0.052341
0.045381
0.016725
-0.126232
-0.040577
-0.008494
0.004573
-0.105627
0.015778
0.022216
-0.051337
-0.058715
0.035883
0.018769
0.009106
0.037867
0.079053
0.065476
0.076065
0.016169
-0.020378
-0.009277
0.009039
0.011691
-0.066628
0.016428
0.052629
0.017984
-0.037516
-0.005584
-0.035128
-0.135116
0.003151
-0.043444
0.018201
0.046973
-0.01252
0.026226
0.037599
0.017736
-0.003809
-0.036135
0.038924
-0.029317
-0.039446
-0.040814
-0.011822
-0.007823
-0.005587
0.025348
0.020469
0.022778
0.040481
-0.045323
-0.051558
-0.004413
-0.019305
-0.037832
0.019403
0.048403
0.048434
0.00346
0.087677
0.045525
0.027077
0.069651
-0.008421
0.012416
-0.070958
-0.038091
-0.020322
-0.031707
-0.02637
0.06542
0.013929
0.035564
-0.060724
0.066397
0.007563
0.024479
0.011592
0.012146
-0.017002
-0.019977
-0.068789
-0.044931
0.013432
0.1064
0.005433
-0.033414
-0.018904
3.86E-4
-0.056188
0.025189
-0.011341
0.024609
0.049158
0.019414
0.009829
0.07946
-0.094656
-0.088943
0.097515
0.022527
-0.041147
0.060107
0.054553
-0.028891
-0.039574
-0.01526
0.046856
-0.102832
-0.014145
0.073085
0.114321
0.040824
0.019352
-0.032469
-0.005642
0.005704
0.018601
0.02318
-0.004575
0.005915
-0.018512
0.048448
-0.113509
-0.041295
-0.031707
-0.062504
-0.008695
0.004207
-0.097723
0.038377
-0.014307
-0.007874
0.019321
0.031597
0.036159
-0.035802
-0.017696
-0.044006
0.003527
0.030346
-0.060307
-0.0169
-0.00341
-0.023217
-0.037575
-0.005111
-0.009816
0.010983
-0.035411
-0.043606
-0.025241
0.009072
0.007221
0.027246
-0.009109
-0.051743
-0.009658
-0.006134
0.006269
-0.032923
-0.024376
0.065911
0.002951
-0.009618
-0.010428
-0.041522
-0.10502
-0.018443
-0.031384
0.009692
-0.024085
-0.043653
0.043051
0.04177
-0.003893
-0.011951
0.017178
-0.001331
-0.014159
0.059447
-0.028126
-0.009197
-0.016827
-0.036008
-0.047129
-0.002037
0.012906
0.011525
0.001543
0.054194
-0.046651
0.041495
-0.056903
0.005263
0.064385
0.048919
0.071606
0.005158
0.022523
-0.005707
0.012771
0.01588
-0.069253
-0.041465
0.029521
-0.003556
-0.137571
0.049539
-0.038786
0.009147
0.020685
0.042463
-0.025037
0.087636
0.005266
-0.057552
0.010808
0.041569
-0.020314
-0.040386
-0.064084
-0.037009
0.00108
-0.016603
0.029849
0.036262
0.0036
0.012097
-0.016463
-0.046024
-0.019276
-0.147087
-0.003155
-0.031787
-0.031257
0.059679
-0.002599
0.025004
0.054788
-0.027342
0.014425
0.089362
0.013594
-0.005199
0.042285
0.012206
0.023558
0.025199
-0.033227
-0.033235
0.035996
0.028653
-0.06242
-0.036913
0.031966
0.002465
0.00259
-0.038444
0.004945
0.013627
0.003105
-0.0293
-0.112219
-0.009202
-0.010322
-0.05371
-0.011239
0.050193
-1.3E-5
-0.002607
0.023362
-0.110092
0.022759
0.009876
-0.05585
-0.028226
-0.020796
-0.115515
-0.002625
-0.072266
-0.008151
0.083846
0.019397
0.024492
-0.036041
-0.032916
0.055289
0.071105
-0.006347
0.008959
-0.021027
0.024388
-0.063884
-0.020879
0.055741
0.045936
-0.073238
0.040572
0.018887
-0.073477
0.020706
0.035774
-0.011373
-0.004306
-0.063531
-0.016673
0.001748
0.020572
-0.107088
-0.038142
-0.014725
-0.021151
-0.018302
-0.05176
0.026723
0.067111
0.079907
0.067233
-0.031783
0.055102
-0.02451
-0.079903
-0.052405
0.033682
-0.027841
0.001614
-0.017803
-0.019988
0.036916
0.018078
0.00887
-0.097291
0.030764
-0.035214
-0.027079
0.022066
0.01829
-0.068926
0.065157
-0.037518
0.014579
0.04315
-0.062866
-0.006156
0.011351
-0.059289
0.103086
0.020847
0.066392
0.046753
0.04093
-0.040792
-0.021202
-0.012257
0.037458
-0.010021
-0.018479
-0.041869
0.034002
0.044592
0.074404
-0.093741
0.015451
-0.011443
0.006735
0.021706
-0.008354
-0.107248
0.002788
-0.003076
-0.085645
-0.006551
0.059101
-0.029495
0.013008
0.065426
-0.023861
0.007454
-0.038876
0.034323
-0.08108
0.012193
-0.010781
-0.022841
-0.109848
-0.039439
-1.28E-4
-0.028948
0.021516
0.056851
0.011319
-0.079701
-0.023014
0.053472
-0.033185
-0.058882
-0.009808
0.004541
-0.062643
0.00716
0.014878
-0.085683
0.048223
-0.044004
-0.002519
0.002517
-0.025703
-8.04E-4
-0.035661
-0.118219
-0.093688
0.012431
0.06621
-0.078598
0.025128
0.105278
-8.49E-4
0.026326
-0.046869
-0.014582
-0.023351
-0.019259
-0.084975
-0.081807
-0.040921
-0.03579
-0.014315
0.032994
0.049613
-0.011488
-0.024695
-0.048468
0.026326
0.045757
0.017521
-0.038625
-0.020466
0.046321
0.022682
0.041938
0.109356
-3.39E-4
-0.073727
-0.045212
0.100989
0.04276
-0.017758
0.051873
0.015615
-0.020983
-0.034266
-0.001555
-0.020417
0.015352
-0.005935
-0.089696
0.025061
-0.025248
0.080847
-0.001713
-0.061164
-0.022858
-0.005405
-0.028211
0.069076
-0.036485
-0.017314
-0.003268
0.001641
0.021489
0.065917
-0.022578
0.026855
-0.021824
-0.005422
0.001832
-0.021091
-0.108903
-0.058282
0.051762
0.054031
0.026224
0.026488
-0.073185
0.073915
-0.081477
0.002743
-0.022776
0.017083
-0.122793
-0.018209
0.013246
-0.054468
0.051933
0.002645
-0.007728
-0.043039
-0.027932
-0.095534
-0.052218
-0.034161
0.065298
0.054182
-0.109271
0.024012
0.058977
0.078172
0.031683
0.045449
0.041042
0.078291
0.002699
0.024863
-0.011347
0.01711
-0.0084
-0.068073
0.002697
-0.024188
-0.008582
-0.03673
0.029337
-0.048073
0.083198
-0.047763
-0.016544
-0.016053
-0.011609
-0.015972
0.06378
0.036857
0.097045
0.092414
0.028861
-0.027378
-0.02199
0.066052
8.55E-4
-0.011409
0.086077
-0.015586
-0.004427
0.023
0.00981
-0.004676
0.047011
0.013297
-0.028462
0.052001
0.003042
-0.01414
-0.059982
0.034797
-0.039931
0.114339
0.023456
-0.045962
-0.036334
0.028067
0.013733
-0.013954
0.058027
-0.031583
-0.003902
0.053998
5.72E-4
-0.066694
-0.008765
0.02051
-0.083893
-0.01098
0.003805
0.008101
-0.079016
-0.015354
-0.031893
-0.024491
0.008625
-0.016999
0.001756
0.027152
0.038258
-0.044241
-0.040466
0.02131
0.009111
-0.097403
-0.037074
-0.096281
-0.015146
0.011032
-0.034264
-0.007775
-0.058201
0.005511
0.007519
-0.08945
-0.022806
-0.079645
-0.035355
0.051221
-0.066051
0.040708
0.016503
0.044386
-0.043137
-0.076198
-0.035911
0.066808
-0.042091
0.029601
-0.005778
0.001705
-0.07582
-0.024365
-0.045558
0.043781
0.002273
-0.053874
0.078791
0.034475
-0.062387
-0.022348
0.039486
0.023247
0.038317
-0.026977
0.006482
0.029729
-0.064649
0.086528
0.061525
-0.01282
0.018412
-0.033129
-8.2E-4
0.026794
0.054102
0.003961
-0.096393
-0.015253
-0.021819
-0.016788
0.008376
-0.00429
-0.100605
0.022858
0.033868
-0.041546
-0.050546
0.072609
0.031827
0.055366
0.002855
-0.032144
-0.048094
-0.071583
-0.063311
0.018819
-0.004999
-0.022787
0.082814
0.012592
0.057304
0.032239
0.027687
-0.051452
0.045618
0.023729
0.039817
0.054696
-0.028525
-0.043632
0.005886
-0.018426
0.007847
0.057473
-0.013863
-0.046328
0.039123
-0.045566
-0.02084
0.019202
0.038285
-0.008991
0.012161
0.003413
-0.04
-0.002598
0.030297
0.06655
-0.024899
0.058775
0.03683
0.011291
-0.060677
-0.025463
-0.072618
-0.07115
-0.023324
-0.00628
-0.007057
-0.01134
0.014164
0.02435
-0.086473
-0.06317
-0.02496
-0.077486
-0.038723
0.007351
0.043473
-0.0716
-0.10312
1.65E-4
-0.023174
0.021642
0.064288
-0.044086
0.002198
0.033591
0.02084
-5.78E-4
0.066994
0.02804
0.043743
0.035795
-0.037219
0.01736
-0.032889
0.074756
0.032025
-0.013969
0.039172
-0.011491
-0.045595
-0.049667
0.005559
0.019584
0.036032
-0.055715
-0.093363
-0.074431
0.06202
0.034186
0.031455
-0.01826
-0.056874
-0.020324
-0.050351
-0.012452
-0.020139
-0.019617
-0.099291
0.004368
-0.033227
0.123219
0.009672
-0.022152
0.010163
0.040894
-0.141162
-0.06553
0.03554
-0.023839
-0.033429
-0.018368
2.67E-4
-0.01549
0.014317
-0.031084
0.012275
-0.007144
-0.033956
0.07192
0.097195
-0.003589
-0.012004
-0.06955
-0.001363
0.015588
-0.067578
-0.036969
0.015195
-0.022656
0.058679
-0.104671
0.048051
-0.061367
0.005163
-0.008331
0.008308
0.058796
0.056746
0.020159
-0.006245
-0.013954
-0.019325
0.008858
0.011622
-0.006162
0.006268
0.093754
-0.012754
0.022885
-0.089746
-0.051871
0.030645
0.014741
-0.031009
0.047194
0.004396
-0.021968
0.041808
0.087819
0.023533
-0.008936
-0.043949
-0.007889
-0.122968
-0.057074
-0.027149
-0.023928
0.012249
-0.051878
-0.057607
-0.055642
-0.024261
-0.052364
-0.008103
-0.010869
-0.00716
-0.023181
-0.068364
-0.013521
-0.017175
-0.009049
0.004227
-0.066866
-0.109061
-0.058442
0.010493
-0.007596
0.011311
0.058542
-0.044469
-0.071178
0.033742
-0.029143
0.019565
0.023237
-0.050369
0.043795
-0.072013
0.019779
-0.00134
-0.03408
-0.025236
0.011008
-0.055908
0.035832
-0.0887
-0.062369
0.037388
0.026334
0.007043
-0.022018
-0.00388
0.045061
0.020159
0.018092
0.015171
-0.038113
-0.050461
-0.069635
-0.030153
-0.020025
0.042213
0.022703
0.052184
0.045268
0.046443
-0.029215
-0.027088
0.02829
0.021967
-0.059684
0.029972
0.075209
-0.022864
0.043284
-0.056353
-0.083999
0.058134
-0.081945
-0.027964
0.028871
0.022768
-0.03513
0.068702
0.037689
0.03376
-0.088587
-0.019178
-0.023206
0.03369
-0.074571
0.059134
-0.030522
0.005204
-0.040449
0.020508
-0.048158
0.018631
0.0143
0.024851
0.06503
-0.050556
-0.019748
-0.034001
-0.02382
0.054371
-0.00617
-0.050895
-0.03031
0.017954
-0.020612
0.059612
-0.111949
-0.015075
0.03509
-0.033321
0.008344
0.029217
8.1E-4
0.015835
-0.005997
-0.042184
-0.014265
-0.018736
-0.066424
0.024811
-0.035879
-0.010801
8.06E-4
-0.074731
-0.034383
-0.027269
0.045599
-0.010917
-0.020475
0.005855
-0.004443
0.004297
-0.01289
-0.037618
-0.095419
-0.018419
-0.050862
0.015794
-0.037028
0.02052
0.026412
-0.081515
-0.054779
0.005342
-0.062652
0.001223
-0.019941
0.028073
-0.04766
0.053878
-0.04747
-0.013771
-0.02341
0.021028
-0.045017
-0.001748
-0.071193
0.018802
0.04627
0.096876
-0.011167
0.034252
0.020307
-0.013849
0.05131
0.004033
0.022916
0.020417
-0.032106
0.020355
0.02039
-0.019689
0.027758
0.022574
0.049506
0.066504
-0.05799
0.048626
-0.064393
0.020127
-0.019545
-0.038692
-0.040635
0.056695
-0.060851
-0.100561
0.001073
-0.058207
-0.015386
-0.079944
-0.025618
-0.0444
-0.033561
-0.027102
0.036128
0.056646
0.050331
-0.011377
-0.002497
0.072451
0.030598
0.058023
0.01303
-0.023893
0.037826
0.039121
-0.039336
-0.105115
-0.0138
0.028434
0.045818
-0.010526
-0.01971
-0.049965
0.053897
0.062323
0.08643
-0.018623
0.061126
-0.035117
0.05313
0.073319
-0.017496
0.042418
0.023581
-0.056135
0.020438
0.056803
0.001345
0.020888
-0.008553
-0.005673
-0.045453
-0.030018
0.036327
-0.003851
-0.007801
-0.042163
-0.049795
-0.038262
-0.010425
0.002969
-0.030558
-0.046087
0.040227
-0.012633
0.076109
-0.017351
0.054788
0.015845
-0.006699
0.028943
0.070071
-0.00272
0.04542
0.001971
0.047574
-0.041955
0.017167
-0.007327
-0.067048
0.042671
0.005638
-0.013014
-0.015074
0.026716
0.062781
0.012541
-0.049112
-0.039907
-0.017372
-0.041788
0.019684
-0.031904
-0.036246
-0.041225
-0.059971
0.097174
-0.017893
-0.005847
0.010429
0.086984
-0.014427
0.028328
0.079866
-0.07423
-0.078045
-0.012428
-0.011277
-0.049486
0.020915
-0.130998
0.086204
0.013667
-0.012137
-0.079995
0.033357
0.044161
-0.066025
0.018706
0.049465
-0.075452
0.010716
0.012376
0.034106
-0.01192
-0.034822
-0.073503
-0.026025
0.010929
-0.05586
-0.023581
0.050407
-0.027552
0.037935
-0.035208
0.007615
-0.051251
0.071367
-0.008277
0.037242
-0.018985
0.021605
0.03387
0.024927
-0.047782
-0.029691
0.017327
-4.99E-4
-0.095276
0.020254
0.044015
-0.024254
0.007238
-0.023414
-0.033086
0.006955
-0.029628
-0.016118
0.029711
0.016956
-0.019341
-0.046385
0.029915
-0.110675
-0.063288
-0.007058
-0.006375
0.042219
-0.072007
-0.032604
-0.008375
0.018062
0.018845
-0.053254
-0.005904
-0.007447
0.063916
-0.007011
0.101058
-0.021508
0.011885
-0.009786
-0.059507
0.072809
0.021836
-0.009199
-0.076867
0.029688
-0.057207
-0.01796
-0.017515
0.019103
-0.024216
0.011162
0.062537
0.009819
-0.037956
0.031711
-0.018944
0.011543
-0.034702
-0.027486
-0.011547
-0.043298
0.038427
0.014414
-0.056391
0.096484
-0.004348
0.002568
-0.007812
-0.040169
-0.095953
-0.022867
-0.021706
0.041304
0.04616
-0.031215
-0.024337
0.028115
-0.03995
-0.015313
0.046648
-0.003874
-0.085373
-0.04677
-0.017535
0.019305
0.011903
0.003664
0.09968
-0.001865
-0.022632
-0.010177
0.008559
-0.065674
0.005452
-0.060798
0.0589
-0.019602
0.079696
0.045798
0.041024
-0.055375
0.047529
-0.018159
0.014235
-0.003165
0.003151
0.018705
0.003272
-0.056229
0.044348
0.014905
-0.067614
-0.034698
0.027311
-0.008283
0.044474
-0.021847
-0.076711
-0.020261
0.067938
-0.026801
-0.054292
-0.060157
0.005319
-0.085925
-0.023441
-0.034766
-0.011553
0.060426
0.03403
-0.005674
-0.028171
-0.060714
0.049574
-0.008076
-0.046873
-0.031692
-0.087433
-0.069278
-0.034708
-0.053874
-0.001552
-0.003446
0.026408
-0.051453
-0.055077
0.079041
-0.023416
-0.079569
0.020565
-0.012146
-0.041223
0.037577
-0.017954
-0.023235
0.001637
-0.007673
-0.064859
-0.049663
0.05025
0.059114
0.112241
-0.073844
-0.064165
-0.03691
-0.006931
-0.029879
0.001967
0.009215
0.038848
0.025359
0.056014
-0.043756
-0.020307
-0.007153
-0.039919
0.013476
0.023179
-0.062178
-0.030107
0.061637
0.014056
0.005309
0.037269
0.13146
-0.054013
-0.002574
0.029778
-0.041699
-0.003089
0.037455
0.060038
0.026854
0.06976
-0.04774
-0.040954
0.045238
-0.116485
-0.098923
0.038706
0.045731
0.003992
0.011177
-0.037641
-0.099804
0.011069
-0.059016
-0.047392
-0.031971
-0.040023
0.002148
-0.090123
-0.037898
-0.070556
-6.42E-4
-0.023877
-0.031716
0.02913
0.021971
-0.019035
-0.008433
-8.0E-5
0.082707
-0.031625
0.071538
0.110696
0.019709
0.029333
0.003631
0.02718
0.014543
0.003343
0.021331
0.071603
-0.038356
-0.046718
-0.068416
-0.013638
0.012248
0.058471
-0.018872
-0.028041
0.02531
-0.016646
0.059056
0.030312
-0.004716
-0.027439
-0.006316
-0.017213
0.061925
-0.045381
-0.018678
-0.012778
0.0302
0.016224
0.019874
-0.034762
0.050677
-0.034411
0.026778
-0.064454
-0.026165
-0.039948
0.062622
-0.012201
0.043674
-0.074973
-0.050123
0.010009
0.09331
-0.044767
-0.049428
0.027391
-0.069565
0.006713
-0.003412
0.09616
-0.049408
0.009074
-0.002482
0.081025
0.010805
-0.008531
0.112685
0.017158
0.08126
-0.072701
0.047932
0.021088
0.001838
-0.086704
0.001101
0.011195
0.057723
-0.069624
0.034691
0.013767
-0.003563
0.005305
-0.023273
0.018483
-0.078909
-0.014231
0.023597
-0.024703
0.015886
0.017738
-0.013951
-0.032369
0.074127
0.03119
-0.007363
-0.01836
0.022959
0.042989
0.023159
0.001714
6.7E-5
-0.045278
0.05805
0.026001
-0.052746
-0.079748
0.053067
-0.02298
-0.008194
-0.032497
0.011434
0.003868
0.047656
-0.031685
0.021815
0.025447
-0.024452
-0.002115
0.042699
-0.021916
0.045149
0.018573
-0.066649
-0.023574
-0.072244
-0.021544
0.08503
0.063419
8.0E-4
-0.033049
-0.018342
0.053847
-0.057319
0.098697
0.049002
-0.053619
-0.01869
0.095471
-0.054951
-0.031545
0.112809
-0.041692
0.142111
0.043942
0.08245
0.028978
0.025221
-0.026033
0.013426
0.014977
0.023514
0.018523
-0.016876
0.048825
0.021244
-0.054282
-0.020937
-0.040581
0.002734
0.11249
0.045631
-0.082027
0.090667
0.09813
-0.058975
-0.011124
-0.078786
0.058782
0.091668
0.058644
0.167885
-0.034772
0.002687
-0.012297
-0.038087
-2.92E-4
0.051836
0.013987
-0.002534
0.054305
-0.011618
-0.090346
-0.011718
-0.013282
-0.07314
-0.025963
-0.014614
0.002525
0.035208
0.013695
-0.082822
0.011328
-0.084314
-0.026625
0.043142
0.016602
0.015124
-0.01193
-0.053512
-0.059986
0.058391
0.052752
-0.026262
-0.070063
0.083521
-0.044586
-0.057804
0.011578
0.019034
-0.018765
-0.011881
0.023737
-0.00794
0.024982
0.00661
0.064461
0.008819
0.011715
-0.020759
0.021565
-0.003305
-0.027119
0.032543
0.042908
0.063226
-0.003989
-0.107555
0.048756
-0.050112
-0.042699
-0.050301
-0.006474
0.065939
-0.004066
-0.067128
-0.035086
-0.040058
0.005327
0.085229
-0.006723
0.016624
0.105775
-0.019456
-0.015198
-0.062392
0.007585
-0.030451
-0.012324
0.031445
-0.043278
-0.038377
-0.047039
0.05887
-0.075454
0.002647
0.030475
-0.034429
-0.023091
0.017248
0.058888
0.015549
-0.017319
-0.011966
-0.034382
0.014456
-0.003844
-0.019519
0.064473
0.044648
-0.098251
-0.042238
-0.076889
-0.004721
0.035898
-0.066927
0.067752
0.028718
0.00558
-0.006295
0.015599
-0.004241
-0.001456
-0.010085
-0.007502
-0.031869
-0.012417
-0.013119
0.007077
-0.003629
0.003525
-0.078869
0.042168
0.017038
-0.047492
-0.042484
-0.010795
-0.028892
0.048928
0.093046
-0.059568
-0.074143
-0.034054
-0.054224
-0.135521
0.027912
-0.021899
0.03313
-0.033085
0.059326
-0.021442
0.077655
-0.087141
0.011658
-0.052459
0.07376
0.033893
-0.026777
0.005762
-0.081508
-0.042838
0.016596
-0.020967
-0.013228
-0.040202
0.059535
-0.02125
-0.014813
-0.102616
0.036811
-0.035261
-0.00172
0.035415
0.016257
0.010753
-0.002098
-0.01605
-0.059435
0.01432
0.001819
0.079152
-0.013792
3.96E-4
0.106946
-0.006402
-0.034763
-0.004293
0.059333
-0.104455
-0.002265
-0.032385
0.056059
0.069459
0.034703
-0.055539
-0.049666
-0.059193
0.024801
0.024017
0.005038
-0.077649
-0.02004
0.066077
0.04386
-0.011035
-0.018061
-0.012666
0.010672
0.105323
-0.062477
-0.041824
0.04684
-0.019425
0.046443
-0.005677
0.035074
-0.057469
0.010759
0.045857
-0.047724
0.010787
-0.026636
0.019863
-0.01832
-0.064721
-0.022817
-0.040831
0.062069
-0.01271
-0.027377
-0.139399
-0.023399
-0.005216
-0.058402
-0.060146
0.041257
0.008634
0.033968
-0.040099
0.013694
0.092465
-0.03034
0.003068
0.028529
-0.070305
-0.050224
-0.006911
-0.021774
0.023325
0.039246
0.023
0.049767
-0.010551
-0.020345
0.017644
-0.014352
0.043324
-0.107348
0.001679
-0.072034
-0.125785
0.070195
-0.049347
0.044658
-0.062773
0.045543
-0.091299
0.064594
-0.006549
0.023599
-0.010738
0.090791
0.034074
-0.00512
-0.020185
0.03493
-0.132828
0.002831
-0.012059
0.061499
-0.02077
-0.004162
0.090566
0.023867
-4.36E-4
0.017022
0.009786
-0.081328
0.084324
0.023281
-0.066343
-0.042529
0.036452
-0.054962
-0.03583
-0.079208
-0.02722
0.066068
0.014724
0.048202
-0.035017
0.032068
-0.020111
-0.04565
0.048049
-0.01093
0.070039
0.019115
0.043383
0.032118
-0.059182
-0.002275
0.017353
-0.107188
0.014558
0.039048
-0.067083
-0.062569
-0.038978
-0.084058
-0.013552
0.014112
-0.036422
-0.041938
-0.02758
0.037201
0.004037
0.068182
0.071108
-0.021049
0.00168
-0.028269
-0.026037
-0.035683
0.028999
0.047867
0.008415
0.023753
0.007492
0.010541
-0.018547
0.076401
-0.025044
0.035659
-0.059437
-0.034265
-0.007386
-0.033317
0.015091
-0.00278
-0.046837
-0.046828
-0.032904
-0.017504
0.019193
-0.031101
-0.0145
-0.061562
-0.005651
-0.070645
-0.138898
-0.012135
0.019577
-0.033295
0.006373
0.088183
0.003364
-0.043021
-0.031516
-0.054284
-0.005439
0.023706
0.105249
-0.006207
-2.35E-4
-0.042367
0.009041
0.138768
0.01357
-0.081519
-0.052642
0.072316
-0.039212
0.03588
0.001449
-0.010344
-0.013217
0.094916
-0.009401
-0.012732
-0.006806
0.100623
-0.036451
0.056917
0.046341
0.022784
-0.061472
0.031077
0.061929
0.085785
0.030488
-0.057684
-0.050718
0.033568
0.041657
-0.008792
0.013732
0.053663
0.051479
-0.020016
0.005368
-0.013103
0.046002
0.048955
-0.048887
-0.062069
-0.053955
0.03532
-0.001479
-0.010913
0.001485
-0.054933
0.030248
0.041008
-0.030074
0.00668
-0.087981
-0.028914
0.017646
-0.068296
0.043209
0.012596
0.002237
0.001026
-0.026912
-0.041844
0.008211
0.03288
0.024332
-0.051123
0.019101
8.7E-4
0.058798
-0.06251
-0.045214
0.0065
-0.004133
0.003824
0.084232
-0.055733
0.004804
-0.041083
-0.003419
-0.074298
0.040097
0.043193
0.040427
-0.05449
-0.014017
0.003716
-0.05282
-0.001174
-0.017605
-0.048385
0.048322
-0.052399
-0.02645
-0.041461
0.023806
0.061144
0.018646
0.08059
0.018125
0.016578
0.049946
0.032469
0.006772
0.015354
-0.020427
0.014126
-0.009543
-0.051406
-0.069353
-0.044343
-0.035832
0.036123
-0.030705
0.039548
-0.015027
-0.003894
0.024982
0.090587
-0.012355
-0.021334
-0.002428
-0.039398
0.014027
-0.013568
0.040834
-0.026771
0.005383
0.034738
6.47E-4
-0.016937
0.061912
-0.001428
0.029684
0.030328
0.036735
0.014034
-0.017507
0.01045
0.012054
-0.090633
-0.034202
0.010861
0.036734
-0.004417
0.019167
0.037235
-0.074294
0.06513
-0.023728
0.004106
-0.12861
0.009158
0.002211
-0.026858
-0.04298
-0.060223
-0.04269
0.05445
-0.004457
0.011113
-0.02877
-0.010183
0.024605
0.005716
-0.076112
-0.017146
0.047494
-0.059159
0.033353
-0.026723
0.051975
-0.035992
-0.019795
-0.029442
0.001596
-0.036748
0.039315
-0.009489
-0.020163
0.0286
0.048136
-0.003526
0.044082
0.014815
0.020114
-0.045619
0.039877
-0.057676
-0.040033
-0.099657
-0.047931
0.022678
-0.080397
0.002358
-1.74E-4
-0.030159
0.010341
-0.002359
-0.033814
-0.107619
0.043573
0.019412
-0.022667
0.006929
-0.018551
0.032993
-0.038428
0.0172
0.034415
0.004321
-0.007491
0.05233
0.029121
-0.020224
-0.029378
-0.038651
-0.10922
0.015321
0.018063
-0.034835
0.059974
0.065693
-0.053792
0.00986
0.014717
-0.013647
0.024954
0.092095
-0.074688
0.028796
0.049844
-0.026401
-0.002908
0.033303
-0.010268
0.057119
-0.00788
-0.046513
0.037487
0.011004
-0.007072
-0.083474
0.036515
0.005896
-0.028356
0.017394
0.024952
0.007575
-0.086512
-0.019782
-0.029187
0.063119
0.024068
0.008381
-0.020051
0.033009
-0.011221
-0.082496
-0.018081
0.017029
-0.007114
-0.075515
-0.040043
0.029456
0.015544
-0.049444
0.037313
-0.025178
-5.57E-4
-0.020151
-0.059334
-0.017319
-0.023319
-0.052343
-0.070582
0.070633
-0.001804
-0.0457
-0.025813
-0.02446
0.015209
-0.015015
-0.011733
0.010035
0.014674
0.02274
0.039841
0.020457
0.0583
0.009497
0.032359
0.00964
0.024927
0.001665
-0.056201
0.003012
0.03334
-0.0182
0.051683
-0.031016
-0.011019
-0.064895
-0.029404
0.022398
0.055754
0.014018
-0.077568
0.068779
0.070788
0.044103
0.020503
0.035594
-0.025857
0.03701
0.079392
0.01784
0.050013
0.050359
-0.04492
0.006007
0.045572
0.014643
0.015109
-0.046463
-0.006923
-0.024457
-0.02504
-0.016539
0.034874
0.01114
0.004148
-0.013052
0.079578
0.046927
-0.006945
0.056318
-0.030965
0.071862
-0.111875
0.020805
-0.043423
-0.018471
-0.028967
-0.00207
-0.012211
-0.015117
0.071213
0.052326
-0.033145
0.007973
0.001156
-0.012689
-0.040459
0.071172
0.030132
-0.055075
-0.062319
0.036623
-0.0442
0.045943
0.012279
0.0253
0.036307
-0.017138
0.030439
-0.064128
-0.023352
0.124712
0.063498
0.0474
0.042466
-0.073201
0.026466
-0.024747
0.005095
0.003054
-0.06721
-0.016091
-0.011936
-0.042624
0.031386
-0.065646
0.040294
0.016593
-0.024869
0.033378
-0.063273
-0.026982
0.047601
-0.128503
-0.020413
-0.017759
-0.014909
-0.063891
0.019519
-0.056114
-0.040312
0.010207
0.051555
-0.021781
-0.042442
0.006821
0.007509
-0.065206
-0.038657
0.005109
0.040117
-0.048132
0.015637
-0.006178
-0.017179
-0.081514
-0.073314
0.021423
-0.093247
0.013291
0.099869
0.030413
-0.037083
-0.036546
0.007598
-0.048382
0.004298
-0.009977
0.062137
0.023172
0.038321
0.023286
-0.01327
-0.0281
0.022334
0.030438
0.011178
0.066365
-0.06973
0.026887
-0.055601
0.009505
1.18E-4
-0.051763
0.061404
-0.121755
-0.042244
0.047016
-0.053143
-0.028764
0.065508
0.040364
0.082005
-0.059211
-0.044577
0.015487
0.033285
-0.004458
-0.110643
-0.084659
0.058297
0.003806
-0.038117
-0.043285
-0.085137
-0.01152
-0.014098
-0.029396
0.011043
-0.007797
-0.079092
0.026641
-0.067775
-1.48E-4
-0.064581
-0.002866
0.053829
-0.03638
-0.039209
0.052258
-0.00782
0.02245
-0.047998
0.023178
0.039238
-0.076795
0.00177
-0.069574
-0.044549
0.012017
-0.02965
-0.084495
-0.049369
0.060392
-0.012416
-0.004798
0.004996
-9.57E-4
0.019096
-0.087766
0.02053
0.041341
-0.0042
0.039975
0.006544
-0.070719
-0.009301
0.04024
-0.006874
-0.037656
-0.024689
-0.037878
0.006862
0.055427
0.007346
0.01991
0.040214
0.06701
-0.00984
0.014909
0.03126
-0.016588
-0.057507
0.074762
0.053153
-0.002741
-0.007672
-0.033045
-0.024868
0.017272
-8.0E-5
-0.033067
-0.050611
0.037908
-0.014397
-0.06825
-0.029601
-0.013043
-0.053444
0.038509
0.052895
-0.013411
0.025717
-0.001461
-0.026588
-0.066705
-0.0106
-0.037309
-0.096148
0.076415
0.052445
0.068114
0.015507
0.029646
-0.089719
-0.009335
-0.082124
0.047243
0.058498
0.015883
-0.021374
-0.007436
-0.001273
-0.007525
-0.061929
-0.050783
-0.019393
0.042068
-0.072505
0.032439
-0.025689
0.03512
-0.005049
-0.03624
0.012904
0.014903
-0.046655
-0.061434
0.085935
0.015839
0.023304
0.044902
-0.019255
-0.028091
0.049984
-0.002496
0.020662
-0.04771
-0.020883
-0.038178
0.108925
-0.044045
-0.043844
-0.014538
-0.041563
-0.004517
-0.002237
0.028089
0.040841
-0.008816
-0.020808
0.02393
-0.043254
-0.022604
-0.04838
-0.028671
0.018893
0.013009
-0.046813
0.028326
-0.001073
-0.034603
-0.02088
0.048084
0.027248
-0.039951
-0.04375
-0.050569
0.020136
0.059658
-0.017297
-0.039498
0.067892
-0.007075
-0.026752
0.026931
-0.021521
0.019108
0.003135
-0.023312
-0.006189
-0.042918
-5.07E-4
0.045392
0.031243
-0.002656
-0.025567
0.066228
-0.009259
0.036236
0.004892
0.02831
-0.030726
-0.048881
-0.010923
-2.98E-4
-0.028861
-0.031663
0.042146
-0.043367
0.007865
-0.029431
-0.062226
-0.096462
0.030062
-0.014758
0.068175
0.017182
-0.021793
-0.005469
0.009919
-0.005375
0.022552
-0.012264
0.065934
-0.033542
-0.025041
0.05057
-0.005104
0.018453
-0.036449
-0.02075
4.37E-4
0.086643
0.03741
0.016508
0.002206
-0.031354
-0.067324
-0.021729
-0.010464
0.00972
0.048785
0.017175
0.08456
0.008399
-0.00716
-0.040559
0.010611
-0.021471
0.02078
0.026764
-0.021321
0.031805
-0.015496
9.26E-4
0.06099
0.063657
0.004363
0.042151
-0.051502
0.006941
0.023189
-0.085397
-0.016042
-0.009182
-0.043486
-0.0391
0.025821
0.04332
-0.045089
-0.011641
0.02105
0.026971
0.019805
-0.014874
0.020622
-0.021657
-0.005331
-0.007845
0.035984
-0.017245
-0.073022
0.063097
-0.099933
0.023718
0.061697
0.038261
-0.021667
0.018585
-0.020355
-0.045744
0.015728
-0.079608
0.027214
-0.023602
0.023357
-0.04631
0.083354
0.06496
-0.060549
-0.007061
0.034016
0.024755
-0.022652
0.003275
0.061793
0.054999
0.067342
0.016863
-0.075879
0.009498
-0.052852
-0.073628
-0.033814
-0.067618
0.042682
-0.055518
0.020258
-0.017005
0.05406
-0.002149
0.01362
-0.001536
-0.019856
0.037149
-0.075309
0.009557
0.017243
0.064505
0.018757
5.29E-4
-0.100681
0.069422
-0.045241
-0.040485
-0.025226
-0.059331
-0.071647
-0.110729
-0.038765
-0.059687
0.023894
0.071997
0.031295
-0.048347
0.005118
0.05369
0.025295
0.021203
-0.024579
0.033088
0.019127
-0.038474
0.030939
-0.056036
0.058195
0.008753
0.034492
-0.011658
0.083832
0.056465
0.002765
-0.105884
0.00998
0.009394
-0.018758
3.65E-4
0.00275
0.093378
0.017417
-0.023875
0.035501
0.007137
-0.056484
0.009176
-0.012763
-0.073923
0.015235
-0.007651
0.050223
-0.003856
0.047465
0.035567
0.03043
-0.071628
0.074578
0.011964
0.015584
0.049218
0.06388
-0.044855
0.083327
0.017164
0.008342
-0.085173
0.063949
0.020758
-0.031875
0.039149
-0.008619
0.139309
-0.052432
-0.088585
0.036706
-0.01287
-0.027397
-0.053693
-0.026133
0.064302
-0.049369
-0.035554
-0.027255
0.020981
-0.008576
-0.004902
0.026002
0.033446
-0.038103
-0.038597
-0.00938
0.032742
0.033764
-0.104829
0.016584
0.008823
-0.014675
0.055489
-0.010241
-0.053944
0.009084
-0.037029
-0.045382
6.11E-4
-0.005565
-0.01216
0.078307
0.038359
-0.065106
-0.025101
-0.131677
0.004494
0.001829
-0.008042
-0.040847
0.031185
0.01537
-0.026278
0.001871
0.069923
0.013
-0.057035
0.038963
0.022799
0.035111
-0.023156
-0.105977
0.041689
-0.032993
-0.080584
-0.021838
0.006187
0.060318
0.021822
0.052782
0.065942
0.019273
-0.031312
0.008198
0.047784
-0.053189
0.007467
0.026434
-0.042891
-0.050629
0.07976
0.052614
-0.01918
0.014762
-0.066213
0.044119
-0.051178
0.003935
-0.059329
0.009968
-0.026327
-0.038713
-0.060525
-0.066676
0.06928
-0.030673
-0.032013
-0.044038
0.094014
0.072759
-0.051188
-0.073949
-0.011477
0.113667
-0.009707
0.10701
0.018035
0.018988
-0.004166
0.020074
-0.03499
0.053817
-0.028563
0.067734
-0.054152
0.005361
0.041748
0.067175
0.016566
0.045898
-0.055237
0.006724
0.0733
0.095297
-0.024059
-4.9E-5
-0.10229
-3.02E-4
-0.036435
-0.065583
0.038762
0.005396
-0.03469
-0.041348
0.040297
0.013764
-0.033413
-0.007929
0.091471
-0.00538
-0.007359
-0.063686
-0.084124
-0.052219
-0.036831
-0.094934
-0.013919
0.003147
-0.058741
-0.063454
0.063615
-0.048595
-0.01507
0.040357
0.009325
-0.018616
-0.028273
-0.011896
0.008803
-0.021357
0.034455
0.076484
0.001019
-0.035093
0.08376
0.002558
-0.047773
0.019416
-0.025477
0.038119
-7.49E-4
0.024892
-0.048433
0.00452
0.050958
0.003225
0.04174
-0.056794
0.010317
0.002127
0.021331
-0.029908
-0.014352
0.041877
0.028724
-0.096929
0.054802
0.033719
-0.059682
0.052436
-0.011262
-0.042197
-0.012938
0.007887
0.11818
0.02908
0.055482
0.011979
0.055896
-0.065496
-0.02173
0.03409
0.028483
-0.030293
-0.068129
-0.016078
-0.001745
-0.059555
-0.019635
-0.037751
-0.09777
0.001711
0.062988
-0.068546
-0.032101
-0.105037
0.039954
-0.030464
-0.006429
0.024664
-0.024018
-0.068941
-0.047752
-0.001595
0.071597
-0.006016
-0.083878
0.012913
-0.063787
-0.032624
-0.093142
0.050642
0.00374
-0.102576
0.029513
-0.051646
-0.087144
-0.113158
0.005084
0.064772
-0.09563
-0.035826
0.066334
-0.080253
0.056472
-0.076376
-0.069779
-0.055757
-0.057719
-0.003376
-0.076583
-0.04143
-0.00188
0.034925
-0.018863
-0.054905
0.084573
0.076219
-0.031033
-0.014047
-0.04842
-0.08144
-0.036786
-0.009152
0.088791
-0.031233
0.037735
-0.046063
0.082651
0.004482
0.049231
0.025575
0.033745
0.001922
0.013085
-0.018757
-0.009904
-0.036027
0.042619
-0.02124
0.00831
0.002192
0.046302
-0.03412
-0.031104
0.028142
-0.022095
0.089621
0.008519
0.067919
-0.084256
-0.01896
-0.022206
-0.024272
-0.065553
-0.003859
-0.004206
-0.008884
-0.013537
0.048059
0.023113
-0.010424
-0.069694
0.001785
0.016384
0.054601
0.013183
-0.044151
0.017302
-0.013944
0.055522
0.011797
-0.005114
0.013779
-0.023693
-0.042689
0.002581
0.053538
0.010255
0.011275
-0.00427
-0.008
0.019111
0.043825
-0.085504
-0.06118
0.050488
0.003351
-0.053593
0.027937
-0.034139
0.008441
-0.06684
0.095785
-0.037545
0.050297
-0.078767
-0.068913
-0.007782
0.076863
-0.011981
-0.057509
0.039913
-0.038331
-0.00145
0.035484
-0.043303
-0.088396
-0.046414
-0.01205
0.088439
-0.035142
0.016779
0.031826
0.003548
-0.006864
-0.01481
-0.007666
0.006091
0.038429
0.08463
-0.058933
0.035693
-0.01061
0.01621
-0.014199
-0.070626
0.008617
0.034689
0.017522
-0.09471
-0.075043
-0.002354
-0.003072
0.042332
0.051063
0.035089
-0.082328
0.023431
-0.020366
0.00401
-0.084298
-0.015664
0.006885
-0.005252
0.001441
-0.011194
-0.088151
0.112085
0.060533
-0.06181
0.023135
-0.054924
-0.07972
0.070006
-0.032138
0.09993
-0.019493
-0.057655
-0.018705
0.040729
-0.027048
0.052415
0.063771
-0.038362
-0.043915
-0.034411
0.027948
-0.046135
0.0276
-0.064785
-0.073951
-0.042498
-0.083595
0.032571
0.009736
0.01453
-0.072663
-0.014992
-0.03891
-0.009861
0.064553
0.008654
0.015132
-0.033858
-0.053666
-0.049753
-0.065605
0.101766
0.011004
-0.036006
-0.028414
-0.069497
0.068507
-0.01465
-0.029064
0.014818
-0.008396
0.022057
0.107414
-0.010605
0.045831
-0.014193
0.075402
-0.020199
-0.049148
0.096254
0.00318
-0.004219
-0.064599
-0.037155
0.019846
-0.024303
0.016094
-0.05907
-0.04535
0.043039
0.044796
-0.075177
-0.002359
0.01435
0.037344
0.00924
0.054703
7.05E-4
0.056859
0.010961
-0.049963
-0.028063
-0.119238
0.011429
-0.04451
0.087199
0.010304
-0.098615
0.02067
0.027033
0.063294
-0.00656
0.001081
0.095452
0.001703
-0.089222
-0.069308
-0.011813
0.008171
-0.042232
0.014485
0.068117
-0.038505
0.017228
-0.06123
-0.03039
-0.021004
0.100426
0.032774
-0.064287
-0.023076
0.018682
-0.039904
-0.016955
-0.08654
0.028693
-0.032062
-0.035931
-0.003612
-0.053718
0.09332
0.042161
0.061487
-0.034477
-0.0278
0.011354
-0.04573
-0.028974
-0.015331
-0.009795
0.096515
0.056655
-0.067761
-0.025311
-0.017645
0.017561
-0.008783
0.02269
0.03512
0.036967
-0.007106
-0.035205
-0.038836
0.046329
-0.046034
0.068085
-0.012171
0.060601
-0.050905
0.052227
0.097697
0.004416
0.00186
0.050093
-0.041787
-0.013168
0.003317
-0.015969
-0.038525
0.077064
0.07508
-0.045942
0.038093
0.010531
0.003628
0.010887
0.012656
-0.029272
0.015844
-0.029337
0.026638
-0.049879
0.094498
0.100978
0.067391
-0.00912
0.010024
-0.036856
-0.014478
-0.007612
0.011753
0.100029
-0.002975
0.042347
-0.041904
-0.055842
-0.064352
0.025668
0.023046
-0.045685
-0.016318
0.059257
-0.007015
0.045173
-0.010201
0.024608
0.00421
6.81E-4
-0.079041
-0.04702
0.043565
-0.014741
0.001329
-0.04052
-0.0535
-0.007119
-0.02287
-0.057461
0.033673
0.028587
-0.018349
-0.035539
-0.018495
0.023759
0.075244
0.052406
0.005272
0.011319
0.016973
0.024197
0.072388
-0.027496
-0.007725
-0.068299
-0.023299
0.064129
0.0449
-0.035632
-0.037482
-0.054038
-0.004464
0.004755
-0.057641
0.025692
-0.007775
-0.016737
0.024783
0.056232
0.026381
0.001024
-0.023049
-0.033095
0.036799
-0.106268
-0.023631
-0.053401
-0.087304
-0.008346
0.011318
0.033929
-0.052164
0.042309
-0.060349
0.020053
-0.007048
-0.047692
-0.061732
0.068448
-0.033948
-0.018883
0.01697
0.012993
-0.021754
0.019631
-0.060814
0.024068
-0.009205
0.030283
0.011904
-0.063399
0.031991
-0.025426
0.020991
0.006934
0.074641
0.021842
-0.025254
0.019894
9.91E-4
0.036608
-0.082492
-0.022786
0.087413
-0.006449
-0.025389
-0.014728
-0.062116
0.076877
0.038729
-0.052782
-0.018382
0.042406
-0.037761
0.031582
-0.020099
0.054536
0.020781
-0.031449
-0.002911
0.004343
-0.035463
0.034813
-0.105649
0.001108
0.057119
-0.032228
0.043399
-0.040163
0.044231
0.046326
-0.071321
-0.001074
0.036238
-0.046181
0.080984
-0.006477
0.016367
0.028064
8.52E-4
-0.006357
0.037647
-0.014117
-0.054889
-0.064158
-0.047343
-0.034006
-0.013385
-0.03825
0.081316
-0.123071
0.031024
-0.007096
0.034033
-0.006492
0.021592
0.014683
0.076542
0.046856
0.039218
-0.022949
-0.073582
0.029366
0.029697
-0.03528
-0.050499
-0.033396
0.031927
0.072496
-0.019631
0.003357
0.026057
-0.035142
-0.07587
-0.059175
-0.046033
-0.009627
-0.027952
0.017449
0.076068
