1.753521
1.672414
1.801029
1.690236
1.689354
1.781197
1.7307
1.730841
1.686486
1.711806
1.703971
1.621716
1.702564
1.678511
1.677205
1.632143
1.735395
1.771901
1.705983
1.660441
1.579336
1.664286
1.661642
1.721429
1.741259
1.713805
1.630282
1.651079
1.700348
1.794613
1.7
1.643885
1.670796
1.673179
1.704348
1.662692
1.77425
1.735593
1.737201
1.753378
1.705674
1.643225
1.739865
1.753744
1.681416
1.681742
1.678445
1.683135
1.696864
1.647266
1.69844
1.765306
1.658621
1.691508
1.631485
1.715254
1.785349
1.728086
1.664975
1.714286
1.67753
1.691756
1.687389
1.776632
1.622575
1.707317
1.684783
1.699145
1.785235
1.738382
1.687612
1.751773
1.73928
1.668376
1.687285
1.689594
1.677419
1.651123
1.694631
1.702422
1.690476
1.76412
1.644366
1.666667
1.804878
1.707401
1.739865
1.707317
1.725777
1.682759
1.673401
1.709845
1.654701
1.785124
1.713287
1.749553
1.630282
1.683849
1.691769
1.670588
1.664884
1.625232
1.693913
1.649485
1.668449
1.754266
1.716216
1.714789
1.71529
1.79085
1.732888
1.71134
1.72093
1.660441
1.740433
1.710884
1.68942
1.732865
1.711864
1.679558
1.80446
1.702655
1.657439
1.664992
1.726351
1.683135
1.68705
1.702277
1.704861
1.749565
1.678832
1.65913
1.77665
1.698925
1.731922
1.72437
1.679443
1.684028
1.686833
1.65035
1.765734
1.710843
1.722121
1.677966
1.648464
1.711039
1.69338
1.712785
1.632933
1.675325
1.699115
1.688136
1.744387
1.676127
1.726496
1.679012
1.722022
1.710345
1.712803
1.66725
1.633394
1.663778
1.656307
1.652632
1.694683
1.664384
1.789104
1.742609
1.706485
1.725753
1.636986
1.649485
1.706294
1.627517
1.750865
1.68984
1.688581
1.771626
1.641953
1.695142
1.7307
1.707231
1.741935
1.682927
1.627288
1.639286
1.762238
1.647469
1.658088
1.669039
1.658784
1.640845
1.686067
1.695726
1.623729
1.627737
1.636661
1.660066
1.674256
1.695167
1.646447
1.760684
1.721519
1.638554
1.664336
1.736486
1.706714
1.699115
1.741259
1.706755
1.801029
1.754386
1.747405
1.729537
1.64311
1.741497
1.721088
1.696527
1.68254
1.74271
1.714286
1.782007
1.706522
1.719723
1.716695
1.671902
1.745394
1.74778
1.695946
1.664234
1.796667
1.71836
1.696113
1.6609
1.639344
1.688663
1.656192
1.681661
1.688581
1.689214
1.718166
1.705085
1.669065
1.793781
1.667808
1.704918
1.636049
1.675774
1.727121
1.749577
1.767361
1.710623
1.68254
1.644928
1.643599
1.708126
1.664865
1.730375
1.701068
1.706294
1.783217
1.673759
1.757576
1.731343
1.689286
1.729097
1.780488
1.670103
1.696335
1.669596
1.664975
1.75626
1.725
1.670412
1.671958
1.687822
1.626072
1.784348
1.70826
1.658088
1.780446
1.73545
1.659963
1.647059
1.630137
1.724613
1.678201
1.767764
1.658182
1.697842
1.80035
1.702422
1.734982
1.623693
1.6992
1.698113
1.7041
1.736655
1.704202
1.6875
1.713322
1.672535
1.764706
1.77027
1.65529
1.739895
1.777778
1.699301
1.655172
1.751724
1.718805
1.784615
1.690391
1.697917
1.728055
1.78456
1.620751
1.714801
1.780919
1.715243
1.718805
1.588015
1.646048
1.734024
1.783133
1.789474
1.684391
1.737649
1.698305
1.792164
1.678119
1.687943
1.688356
1.659933
1.643697
1.735144
1.694631
1.724958
1.703704
1.768977
1.74461
1.70438
1.700348
1.629496
1.777015
1.663265
1.680141
1.628472
1.715808
1.637584
1.640288
1.640367
1.640367
1.738255
1.659794
1.618868
1.703072
1.647059
1.651079
1.643979
1.73638
1.65625
1.676056
1.723684
1.654605
1.714795
1.701754
1.732394
1.667238
1.637011
1.741135
1.628472
1.737024
1.706714
1.721925
1.686542
1.658887
1.721612
1.663082
1.729915
1.762309
1.806667
1.673111
1.77027
1.689046
1.752122
1.601436
1.742809
1.742609
1.68207
1.759863
1.771127
1.758621
1.718593
1.683656
1.659722
1.703971
1.75
1.700704
1.756944
1.82266
1.675579
1.650909
1.8
1.695431
1.683274
1.672241
1.754266
1.701439
1.684956
1.73822
1.701906
1.686542
1.686747
1.727273
1.670068
1.699482
1.708333
1.645485
1.708968
1.700361
1.65247
1.664384
1.742044
1.694859
1.707071
1.707407
1.769492
1.720207
1.720848
1.674256
1.727273
1.646847
1.660107
1.679054
1.713793
1.748227
1.722973
1.64076
1.655766
1.720137
1.734513
1.726644
1.700704
1.712766
1.706195
1.815436
1.709402
1.695502
1.625874
1.724832
1.558348
1.729915
1.683837
1.717608
1.690189
1.716312
1.762069
1.72232
1.678445
1.771231
1.719658
1.697171
1.728522
1.633157
1.669596
1.738819
1.676056
1.727116
1.646018
1.709677
1.730835
1.738095
1.769759
1.657244
1.730496
1.781197
1.642612
1.736041
1.648649
1.639344
1.75
1.690685
1.701754
1.673111
1.682709
1.642336
1.72562
1.652021
1.691781
1.716216
1.726776
1.688496
1.725352
1.696335
1.726027
1.626374
1.702048
1.739726
1.685864
1.719723
1.707317
1.659176
1.626667
1.740484
1.770764
1.647668
1.692586
1.649446
1.649057
1.710714
1.653846
1.670068
1.793814
1.746528
1.71875
1.718644
1.689189
1.683453
1.680581
1.78836
1.642738
1.62387
1.692562
1.749153
1.600719
1.674658
1.711712
1.669596
1.690476
1.729825
1.686957
1.711744
1.711864
1.748276
1.71912
1.759473
1.726496
1.631304
1.694683
1.702128
1.723757
1.71875
1.705036
1.613596
1.716263
1.654941
1.685315
1.621053
1.609842
1.606218
1.699324
1.734024
1.565217
1.714789
1.741472
1.722222
1.724739
1.653097
1.712707
1.668919
1.576592
1.740933
1.759322
1.618214
1.61326
1.739583
1.707401
1.767123
1.717277
1.707071
1.697509
1.708333
1.651438
1.69338
1.723894
1.66323
1.706485
1.618375
1.704082
1.694974
1.675
1.651568
1.676259
1.765705
1.753794
1.701188
1.609403
1.606272
1.702128
1.649374
1.669477
1.80446
1.668966
1.663366
1.736842
1.85124
1.69697
1.740351
1.731993
1.816638
1.747899
1.727715
1.745875
1.666087
1.657244
1.684764
1.705479
1.707665
1.677643
1.661319
1.72617
1.627486
1.6875
1.693989
1.643357
1.699083
1.722222
1.731449
1.728188
1.656028
1.738382
1.736568
1.650273
1.733788
1.701657
1.697074
1.726027
1.728696
1.650086
1.703578
1.761141
1.807107
1.782074
1.739566
1.741722
1.692573
1.685714
1.662385
1.721739
1.701342
1.656307
1.676259
1.71123
1.726496
1.654804
1.752039
1.688742
1.65625
1.668449
1.80789
1.692042
1.679862
1.670213
1.698962
1.766892
1.639576
1.709845
1.727121
1.708185
1.657941
1.687606
1.70639
1.661591
1.808219
1.703436
1.777778
1.731544
1.744108
1.661765
1.589286
1.67658
1.616637
1.695431
1.694158
1.755518
1.677741
1.626102
1.736486
1.787826
1.683524
1.694683
1.705151
1.696649
1.708411
1.626667
1.692857
1.72621
1.694158
1.736301
1.710197
1.727116
1.594891
1.619217
1.74171
1.689286
1.763113
1.680556
1.70068
1.731034
1.691489
1.702838
1.756849
1.7
1.726351
1.776248
1.701068
1.701389
1.696552
1.684746
1.632143
1.66443
1.629496
1.706897
1.732174
1.785124
1.765921
1.78157
1.688356
1.704584
1.791453
1.698582
1.775168
1.74744
1.651543
1.709677
1.711806
1.658802
1.772496
1.659649
1.647059
1.691781
1.682759
1.722127
1.663082
1.648696
1.627586
1.679868
1.696552
1.684932
1.68873
1.722603
1.711409
1.58042
1.62724
1.661591
1.75089
1.727121
1.645656
1.688645
1.777391
1.82069
1.744828
1.680412
1.748709
1.622837
1.728522
1.709343
1.680135
1.723292
1.713287
1.637343
1.739726
1.725694
1.649913
1.756014
1.69697
1.734982
1.684034
1.634783
1.71831
1.635714
1.682759
1.724638
1.702341
1.687612
1.773381
1.684028
1.643123
1.709845
1.608696
1.742044
1.734807
1.686207
1.664903
1.772496
1.735849
1.77094
1.805556
1.711893
1.705983
1.707317
1.629503
1.636667
1.708904
1.760943
1.680412
1.611888
1.695502
1.711806
1.625899
1.724739
1.767606
1.721014
1.692833
1.758621
1.569811
1.722127
1.654577
1.632867
1.733577
1.697297
1.677758
1.749117
1.662522
1.653516
1.730769
1.724739
1.707237
1.756614
1.624535
1.745063
1.719858
1.735714
1.699115
1.654321
1.707641
1.725
1.741379
1.772955
1.681261
1.741379
1.68231
1.792746
1.752094
1.72117
1.699659
1.674024
1.720354
1.737478
1.696335
1.677643
1.677419
1.71529
1.674256
1.723333
1.712256
1.760684
1.686275
1.639706
1.686924
1.780488
1.607843
1.707746
1.646235
1.701342
1.661818
1.776596
1.658182
1.714286
1.721925
1.705085
1.707904
1.64476
1.650273
1.672978
1.711304
1.582609
1.708772
1.736842
1.738676
1.710297
1.770609
1.706577
1.677193
1.628975
1.693844
1.711948
1.853181
1.719424
1.614679
1.647266
1.657993
1.711191
1.634446
1.669091
1.695502
1.715789
1.684575
1.703971
1.721254
1.705373
1.708904
1.745704
1.68543
1.808547
1.70903
1.677758
1.785349
1.727586
1.681109
1.768707
1.685512
1.661818
1.715342
1.666667
1.717813
1.623489
1.661765
1.726027
1.806228
1.725694
1.676033
1.741294
1.650741
1.644599
1.748691
1.734043
1.73854
1.716287
1.63167
1.764901
1.780446
1.638596
1.658273
1.735593
1.657848
1.697595
1.720207
1.613126
1.719595
1.619048
1.717105
1.658621
1.672474
1.700516
1.589474
1.796954
1.730185
1.678883
1.793852
1.685315
1.761905
1.75
1.726644
1.75945
1.789831
1.745033
1.701843
1.70087
1.687919
1.684764
1.785467
1.711375
1.613357
1.707904
1.705373
1.742049
1.737201
1.7
1.739895
1.675373
1.732203
1.674099
1.706294
1.706485
1.692573
1.657343
1.614973
1.682594
1.771987
1.77425
1.704974
1.699819
1.666087
1.694158
1.725166
1.737374
1.713235
1.651865
1.686275
1.761302
1.647059
1.676056
1.706271
1.677966
1.67684
1.761499
1.612403
1.658273
1.71912
1.670669
1.769882
1.852234
1.766613
1.769094
1.673469
1.730706
1.68662
1.733333
1.640569
1.620438
1.712855
1.701987
1.682594
1.697074
1.69844
1.674177
1.725086
1.735507
1.621818
1.639344
1.622505
1.721254
1.718919
1.641476
1.655877
1.680141
1.680141
1.734729
1.724382
1.670175
1.67684
1.645614
1.792028
1.615385
1.819757
1.710714
1.616487
1.68873
1.680734
1.749577
1.619211
1.769231
1.800676
1.652324
1.740484
1.659722
1.70903
1.698774
1.655987
1.735144
1.634409
1.621429
1.67029
1.725
1.70979
1.732441
1.674658
1.781305
1.6942
1.772496
1.709156
1.697509
1.752961
1.642105
1.717314
1.728188
1.768456
1.785953
1.736486
1.631485
1.755752
1.826087
1.668412
1.746528
1.694974
1.699482
1.752094
1.695502
1.686144
1.736227
1.559441
1.743945
1.631944
1.692047
1.640367
1.786207
1.728814
1.729915
1.68
1.763113
1.68984
1.683099
1.700361
1.615658
1.639929
1.742809
1.704467
1.567663
1.697297
1.698384
1.70318
1.792869
1.707401
1.707904
1.681895
1.716364
1.710392
1.675676
1.727891
1.700516
1.717314
1.661376
1.677996
1.68717
1.657238
1.660777
1.689482
1.654321
1.77094
1.782683
1.718213
1.689655
1.613718
1.639929
1.667233
1.604853
1.714286
1.709845
1.596396
1.792982
1.712803
1.666087
1.681967
1.734043
1.676471
1.698046
1.681109
1.770658
1.742609
1.771626
1.673835
1.727586
1.708333
1.73854
1.648276
1.69395
1.586957
1.715266
1.665541
1.694683
1.683673
1.680581
1.639794
1.689949
1.703704
1.695502
1.714801
1.659722
1.666667
1.771529
1.625442
1.759036
1.66782
1.658537
1.734024
1.694683
1.697074
1.688811
1.640678
1.72232
1.683502
1.746193
1.663717
1.72117
1.693122
1.773913
1.719237
1.717206
1.68662
1.670213
1.753043
1.647059
1.682759
1.690435
1.675214
1.699659
1.673759
1.707904
1.738854
1.684764
1.687389
1.676364
1.747899
1.714286
1.739566
1.712855
1.751701
1.657848
1.680141
1.640411
1.701975
1.668412
1.701599
1.735849
1.714286
1.686833
1.734043
1.721254
1.802817
1.731497
1.666062
1.657848
1.681895
1.67325
1.650847
1.735395
1.666667
1.731959
1.694444
1.661922
1.689594
1.713299
1.567766
1.711744
1.693431
1.607273
1.684764
1.683673
1.742574
1.732441
1.720466
1.661319
1.639775
1.680141
1.747009
1.651852
1.718696
1.642218
1.722973
1.675676
1.67474
1.669039
1.638596
1.753899
1.670753
1.712821
1.671378
1.714286
1.665552
1.647059
1.65625
1.736752
1.684764
1.7
1.71875
1.794783
1.703839
1.709845
1.725217
1.68547
1.729825
1.633562
1.662651
1.646429
1.739726
1.721854
1.694397
1.67148
1.719595
1.719178
1.766497
1.700348
1.66843
1.693878
1.742049
1.783394
1.699248
1.638336
1.679144
1.667257
1.810526
1.724026
1.730897
1.705882
1.675875
1.781879
1.749153
1.675127
1.640934
1.680284
1.696552
1.674419
1.695205
1.761905
1.721805
1.751351
1.684211
1.58011
1.662651
1.710247
1.68
1.703041
1.696552
1.675214
1.721232
1.681818
1.742397
1.788618
1.738095
1.710247
1.661202
1.677741
1.65324
1.726667
1.754011
1.618574
1.723404
1.729469
1.695502
1.655797
1.718543
1.792115
1.776271
1.656743
1.679727
1.72449
1.707401
1.725694
1.765921
1.679856
1.669506
1.649635
1.691769
1.687919
1.740806
1.70068
1.785095
1.680395
1.742609
1.783688
1.69844
1.67893
1.694737
1.676732
1.691203
1.682594
1.630872
1.647495
1.712821
1.604396
1.693878
1.684588
1.662522
1.714777
1.736301
1.751656
1.728643
1.628319
1.677064
1.750831
1.677996
1.676157
1.67931
1.726027
1.661017
1.698384
1.734024
1.686747
1.736752
1.673043
1.715867
1.710483
1.661017
1.748673
1.740541
1.694974
1.735507
1.700326
1.748727
1.751278
1.787375
1.66065
1.640934
1.692035
1.781305
1.721854
1.668966
1.692035
1.731239
1.667238
1.656028
1.616341
1.785235
1.673913
1.696864
1.688811
1.742268
1.671795
1.681574
1.799655
1.710714
1.678322
1.66843
1.58011
1.735144
1.713768
1.666667
1.66611
1.690141
1.660777
1.689119
1.602763
1.658273
1.702564
1.798658
1.6633
1.679577
1.682482
1.699831
1.674497
1.671053
1.722408
1.678808
1.689895
1.708968
1.619565
1.730973
1.736111
1.64966
1.738832
1.66281
1.697561
1.76412
1.721831
1.77972
1.671902
1.712204
1.712766
1.685714
1.783522
1.710392
1.660312
1.666667
1.655052
1.752311
1.709677
1.771529
1.728395
1.734043
1.735144
1.789116
1.730973
1.734266
1.720768
1.675485
1.640678
1.684397
1.708772
1.694444
1.646859
1.619048
1.722523
1.722807
1.716239
1.685864
1.716312
1.647059
1.6609
1.769504
1.692029
1.616341
1.681416
1.728988
1.637961
1.703833
1.752212
1.758204
1.66436
1.746528
1.765306
1.695502
1.742809
1.721254
1.650086
1.683837
1.723077
1.755776
1.786441
1.696864
1.66
1.693086
1.682373
1.714286
1.77969
1.704584
1.655172
1.738676
1.690722
1.745063
1.713787
1.637631
1.744387
1.691781
1.725136
1.639456
1.603571
1.709845
1.703204
1.693632
1.70068
1.751212
1.680851
1.677298
1.754325
1.705779
1.685315
1.667808
1.709091
1.639794
1.797945
1.713781
1.611993
1.707641
1.701389
1.745394
1.618214
1.732174
1.716338
1.662069
1.65338
1.704348
1.790894
1.730185
1.70826
1.716667
1.780069
1.735099
1.764511
1.618881
1.708126
1.623037
1.659359
1.660377
1.667283
1.718696
1.702055
1.714765
1.707826
1.688406
1.714765
1.713249
1.72117
1.716263
1.801394
1.714286
1.707317
1.6633
1.684211
1.736842
1.817544
1.716364
1.763113
1.719858
1.691275
1.674912
1.653516
1.741379
1.722504
1.692857
1.712256
1.618519
1.73064
1.730375
1.684932
1.652614
1.735849
1.828767
1.680395
1.672474
1.674766
1.778169
1.672598
1.705773
1.731749
1.694444
1.714286
1.728814
1.748252
1.701818
1.677643
1.668394
1.684385
1.704861
1.681979
1.784452
1.66782
1.595628
1.715847
1.698113
1.721254
1.630397
1.697595
1.714286
1.664975
1.768067
1.704861
1.764912
1.71
1.706897
1.711375
1.670796
1.697917
1.742397
1.696203
1.776991
1.715702
1.688645
1.758564
1.666667
1.666105
1.59
1.762069
1.628227
1.706667
1.61302
1.688073
1.746924
1.747899
1.746967
1.726027
1.742809
1.766724
1.725564
1.808219
1.614414
1.644366
1.686007
1.59116
1.684575
1.723894
1.675768
1.731922
1.598639
1.654676
1.638225
1.721739
1.714783
1.681742
1.655172
1.742998
1.713299
1.67931
1.693141
1.734483
1.709516
1.709282
1.695431
1.670841
1.660177
1.698816
1.718805
1.73741
1.655652
1.811723
1.67029
1.697987
1.573379
1.688581
1.71529
1.747871
1.611584
1.653137
1.687606
1.752244
1.727586
1.617021
1.693989
1.733788
1.70318
1.645161
1.668359
1.755172
1.719237
1.652803
1.710438
1.729272
1.707826
1.68369
1.67632
1.676223
1.707718
1.660107
1.675277
1.674024
1.635739
1.694631
1.714765
1.726667
1.65653
1.85567
1.673333
1.724258
1.810671
1.70979
1.692029
1.70297
1.691203
1.728086
1.73545
1.753176
1.686275
1.743676
1.739437
1.645439
1.6609
1.672014
1.664151
1.73494
1.718593
1.775207
1.653571
1.665493
1.770548
1.722807
1.672662
1.683305
1.607018
1.727586
1.765101
1.667808
1.722704
1.652778
1.750427
1.683502
1.746528
1.718644
1.736227
1.594502
1.667857
1.713793
1.637902
1.74744
1.692308
1.740541
1.674912
1.660177
1.788591
1.733333
1.753472
1.741259
1.706522
1.656947
1.769759
1.699482
1.693103
1.685279
1.638261
1.643243
1.64966
1.792422
1.664903
1.721477
1.680272
1.673043
1.631399
1.690941
1.693333
1.755932
1.61326
1.681356
1.69616
1.705882
1.641577
1.685714
1.703041
1.65324
1.693844
1.603571
1.766323
1.724382
1.699174
1.724739
1.625
1.740675
1.73975
1.728522
1.755853
1.631399
1.716172
1.693103
1.703204
1.677083
1.670841
1.7
1.771044
1.741824
1.724138
1.731397
1.787671
1.743676
1.718696
1.692833
1.699482
1.698046
1.680412
1.703316
1.637631
1.771529
1.641739
1.614035
1.684028
1.766102
1.698305
1.727116
1.646209
1.728223
1.698384
1.729452
1.741135
1.75592
1.714286
1.668394
1.726962
1.702703
1.740741
1.712281
1.755034
1.688889
1.704082
1.671329
1.663866
1.712256
1.76054
1.714286
1.664845
1.695271
1.647059
1.691508
1.725557
1.667238
1.609319
1.620072
1.666667
1.745704
1.734266
1.703072
1.705263
1.740864
1.667797
1.717728
1.684783
1.651123
1.698305
1.72093
1.657343
1.667857
1.728314
1.749559
1.765886
1.71134
1.704467
1.688811
1.755518
1.77425
1.713262
1.709459
1.744361
1.781197
1.698774
1.696429
1.647687
1.685864
1.635739
1.631858
1.746193
1.717206
1.701342
1.665529
1.670139
1.717813
1.681208
1.72069
1.657658
1.669535
1.662609
1.725753
1.722034
1.705373
1.654577
1.711835
1.731959
1.731993
1.757785
1.767285
1.663866
1.661538
1.690685
1.705193
1.778512
1.711679
1.6609
1.733788
1.669039
1.676871
1.681416
1.698492
1.753086
1.616637
1.671028
1.723776
1.651568
1.732639
1.696751
1.705085
1.660584
1.710843
1.673394
1.693694
1.746032
1.654054
1.667857
1.766957
1.641844
1.683837
1.694974
1.662021
1.745975
1.697417
1.70826
1.763912
1.667263
1.699463
1.638225
1.681895
1.681356
1.728353
1.679054
1.654054
1.653516
1.707904
1.765705
1.660584
1.690756
1.691743
1.625899
1.754386
1.714286
1.717241
1.709898
1.756522
1.730419
1.727749
1.674658
1.675302
1.724739
1.614414
1.720207
1.798635
1.59646
1.678322
1.737589
1.617391
1.760135
1.644128
1.710843
1.680412
1.705686
1.64539
1.738095
1.643357
1.674825
1.747899
1.658182
1.684575
1.780446
1.72617
1.79469
1.632184
1.730496
1.713799
1.666667
1.714286
1.703316
1.70229
1.695726
1.722222
1.703448
1.731183
1.695205
1.729272
1.667763
1.657143
1.677419
1.646847
1.709677
1.74271
1.719595
1.664336
1.72935
1.690685
1.691769
1.676976
1.796902
1.695502
1.713793
1.704861
1.636054
1.747508
1.647458
1.671096
1.651741
1.648506
1.636364
1.731664
1.60217
1.684783
1.663778
1.70903
1.703448
1.693141
1.61658
1.705479
1.707665
1.716695
1.717728
1.711893
1.737589
1.667257
1.672072
1.64311
1.635036
1.670412
1.671958
1.686275
1.69338
1.617391
1.595782
1.624535
1.696667
1.751724
1.719064
1.705882
1.730263
1.64684
1.641953
1.750853
1.631206
1.718076
1.709343
1.685512
1.699301
1.690756
1.666667
1.708703
1.654676
1.685512
1.711744
1.755594
1.769088
1.661818
1.707904
1.730081
1.697509
1.616487
1.586087
1.66725
1.643243
1.728223
1.712329
1.658802
1.682968
1.713787
1.708968
1.661485
1.672072
1.73057
1.71
1.731959
1.657534
1.705193
1.666075
1.688356
1.672598
1.707826
1.658716
1.631757
1.648464
1.739437
1.724739
1.62623
1.648313
1.625239
1.772021
1.676033
1.634058
1.746429
1.753794
1.638225
1.693575
1.657244
1.776667
1.733333
1.693356
1.680851
1.71777
1.68231
1.782245
1.691203
1.813149
1.752688
1.704698
1.801394
1.742998
1.783333
1.618214
1.720768
1.675862
1.673043
1.676259
1.674576
1.685921
1.618557
1.634103
1.679856
1.728814
1.670796
1.715736
1.679868
1.690189
1.72232
1.64684
1.702422
1.675676
1.688312
1.699482
1.673684
1.772242
1.621806
1.6942
1.67285
1.72617
1.670139
1.709343
1.766831
1.679862
1.626667
1.714286
1.657754
1.66436
1.737303
1.758092
1.759857
1.750853
1.774834
1.698046
1.638191
1.655417
1.696864
1.644991
1.703578
1.608365
1.654054
1.641304
1.767361
1.656028
1.662651
1.787671
1.67148
1.666667
1.69844
1.694444
1.628829
1.662566
1.656947
1.747841
1.734024
1.774834
1.692308
1.747475
1.690435
1.637993
1.749141
1.616637
1.742857
1.69009
1.685512
1.698962
1.673333
1.685714
1.71381
1.693603
1.68984
1.753954
1.754209
1.681661
1.728752
1.705686
1.71381
1.695205
1.695502
1.757877
1.760984
1.65371
1.767606
1.77479
1.728988
1.73913
1.692857
1.689713
1.643463
1.74376
1.706865
1.68717
1.683305
1.739583
1.72935
1.716724
1.699499
1.669014
1.640367
1.669535
1.810811
1.755776
1.68784
1.704809
1.648696
1.66725
1.696649
1.684956
1.699482
1.745133
1.666667
1.706667
1.745133
1.637961
1.684211
1.679577
1.77027
1.707904
1.7728
1.676157
1.734242
1.765112
1.722408
1.731034
1.608247
1.784053
1.740933
1.742287
1.748709
1.690722
1.810193
1.670068
1.692308
1.688266
1.665493
1.726667
1.667238
1.760141
1.635359
1.623037
1.717241
1.678756
1.720137
1.685152
1.710714
1.725217
1.773723
1.79159
1.747009
1.793333
1.737762
1.71777
1.669014
1.624348
1.80789
1.706714
1.71912
1.748299
1.795222
1.726813
1.642857
1.704584
1.684034
1.658716
1.68
1.665541
1.773973
1.646077
1.724739
1.662651
1.660245
1.78125
1.600707
1.692308
1.772109
1.743421
1.751261
1.75
1.748673
1.736568
1.685864
1.669725
1.685512
1.652021
1.676364
1.735242
1.623239
1.702797
1.742149
1.637681
1.724138
1.686007
1.706522
1.770764
1.66443
1.727749
1.677903
1.612663
1.770035
1.732639
1.684932
1.675302
1.695035
1.67354
1.691228
1.673179
1.65625
1.679279
1.651724
1.74216
1.610108
1.71912
1.631944
1.634752
1.686542
1.658537
1.670669
1.837838
1.670034
1.769616
1.63986
1.747899
1.676259
1.70639
1.635009
1.639229
1.72437
1.762712
1.711806
1.628472
1.684404
1.660839
1.658206
1.728696
1.642857
1.685811
1.783051
1.704918
1.640741
1.616487
1.662069
1.663194
1.77094
1.694158
1.654577
1.670753
1.699275
1.732657
1.713799
1.738255
1.757576
1.717277
1.637343
1.652021
1.763371
1.740806
1.765854
1.632933
1.632058
1.666667
1.59364
1.64476
1.705479
1.708904
1.731497
1.624549
1.673401
1.634686
1.680556
1.616637
1.694494
1.619893
1.691489
1.714795
1.602787
1.703959
1.698305
1.735192
1.673993
1.717172
1.688226
1.723906
1.629371
1.674177
1.782313
1.699346
1.680556
1.699083
1.663685
1.675579
1.722314
1.69338
1.815331
1.712329
1.696864
1.757366
1.742809
1.675393
1.726351
1.748299
1.770723
1.695793
1.70068
1.693356
1.755102
1.632432
1.696763
1.776294
1.660177
1.686411
1.69338
1.696864
1.690972
1.646429
1.716846
1.721254
1.710924
1.676056
1.669627
1.707641
1.664207
1.718213
1.715753
1.686207
1.765324
1.737478
1.744387
1.660839
1.692308
1.756432
1.751773
1.66362
1.720848
1.69844
1.682051
1.741056
1.694158
1.696429
1.750427
1.651246
1.711375
1.707948
1.686207
1.702277
1.756098
1.655797
1.677996
1.634286
1.692833
1.688442
1.718919
1.706755
1.737024
1.744027
1.711712
1.662116
1.675768
1.639175
1.807143
1.720067
1.614414
1.677536
1.684783
1.651438
1.656846
1.684575
1.724868
1.754967
1.695971
1.747368
1.611722
1.639286
1.706485
1.653916
1.644128
1.713287
1.728477
1.70017
1.718644
1.640138
1.660036
1.706714
1.805695
1.707904
1.660839
1.741176
1.735294
1.589286
1.634752
1.721562
1.77479
1.707581
1.73494
1.66725
1.70017
1.663748
1.68254
1.763699
1.661202
1.679466
1.728938
1.726073
1.762987
1.753899
1.717277
1.643979
1.612663
1.739437
1.657343
1.772358
1.716239
1.690391
1.658088
1.710297
1.740171
1.705686
1.669535
1.629116
1.761092
1.755853
1.658887
1.710297
1.633803
1.713299
1.772109
1.751678
1.728223
1.751313
1.715789
1.684575
1.62862
1.732419
1.746244
1.744387
1.735786
1.649374
1.71615
1.671233
1.72232
1.65493
1.648276
1.653979
1.670669
1.754685
1.708405
1.726619
1.697074
1.683502
1.62963
1.72617
1.722127
1.704202
1.630017
1.633394
1.622302
1.664921
1.679862
1.752577
1.76054
1.75265
1.642987
1.698113
1.679868
1.752577
1.696113
1.627486
1.683673
1.730375
1.764085
1.647913
1.671958
1.626998
1.714286
1.746479
1.659341
1.736931
1.682759
1.652632
1.768456
1.582255
1.743945
1.692029
1.672014
1.702936
1.636364
1.687919
1.700704
1.716724
1.698774
1.777778
1.767606
1.725424
1.747899
1.674825
1.702564
1.770658
1.714286
1.628159
1.716287
1.737478
1.83391
1.849057
1.72344
1.706897
1.68662
1.710392
1.67128
1.70073
1.690476
1.782918
1.726619
1.727586
1.707317
1.702128
1.688266
1.78087
1.674658
1.697074
1.762069
1.714286
1.707155
1.728522
1.709949
1.715278
1.757685
1.634304
1.702341
1.651123
1.712785
1.766323
1.692035
1.667883
1.629907
1.733333
1.720848
1.744227
1.793226
1.677193
1.659649
1.745267
1.823633
1.702277
1.690909
1.757265
1.656637
1.731707
1.778929
1.674503
1.636998
1.689119
1.690391
1.727915
1.796265
1.668394
1.718121
1.653846
1.701068
1.702797
1.648799
1.700361
1.703959
1.65625
1.655518
1.656637
1.618875
1.692035
1.669506
1.638298
1.660959
1.726027
1.766143
1.659864
1.681416
1.778151
1.663837
1.677852
1.74744
1.692845
1.661591
1.729167
1.691002
1.732877
1.713805
1.756522
1.696246
1.743089
1.768166
1.764511
1.699115
1.633898
1.637306
1.720466
1.744387
1.739286
1.653782
1.616788
1.625442
1.686144
1.702936
1.62766
1.725938
1.632933
1.734043
1.791367
1.66725
1.750842
1.757072
1.738095
1.684022
1.784566
1.753425
1.650685
1.723776
1.664884
1.80624
1.784874
1.692308
1.598616
1.648696
1.822695
1.627907
1.669065
1.65371
1.728055
1.678445
1.734982
1.627907
1.701389
1.640678
1.708029
1.719178
1.663265
1.719178
1.707237
1.765101
1.748322
1.68873
1.627417
1.704809
1.655172
1.719178
1.659574
1.740864
1.702899
1.710758
1.640288
1.652482
1.697987
1.718464
1.647266
1.632143
1.684211
1.744387
1.592334
1.676056
1.703316
1.782245
1.680141
1.670932
1.637681
1.690941
1.69697
1.701906
1.721088
1.777778
1.715254
1.754266
1.7
1.698962
1.703578
1.712747
1.693913
1.632378
1.68
1.745331
1.712838
1.709402
1.687285
1.701544
1.673611
1.726316
1.683135
1.694397
1.648995
1.711443
1.818182
1.722408
1.721562
1.681416
1.710801
1.647469
1.741007
1.737762
1.704626
1.800664
1.620209
1.680556
1.71
1.585586
1.654321
1.690722
1.667857
1.72043
1.699463
1.709735
1.754069
1.643836
1.72134
1.666087
1.725557
1.636364
1.540395
1.708904
1.768683
1.655914
1.586716
1.645796
1.784512
1.643123
1.659574
1.666667
1.77403
1.760141
1.671743
1.653846
1.748727
1.619546
1.613139
1.735537
1.758794
1.707563
1.713768
1.610922
1.751724
1.685121
1.63472
1.660839
1.644928
1.678756
1.753333
1.682968
1.672598
1.807107
1.681661
1.722127
1.707155
1.636042
1.67684
1.653333
1.732174
1.749153
1.703041
1.680702
1.660245
1.655518
1.668412
1.73494
1.655172
1.655536
1.610811
1.660839
1.659359
1.682482
1.635739
1.684588
1.750446
1.683453
1.704745
1.689189
1.759729
1.754153
1.676364
1.687822
1.692586
1.741497
1.631304
1.706806
1.695502
1.796446
1.625668
1.627826
1.673611
1.676522
1.629893
1.600701
1.73064
1.70826
1.637343
1.668359
1.630713
1.750865
1.705674
1.786713
1.694245
1.753899
1.686207
1.784053
1.679054
1.74359
1.660107
1.777391
1.705036
1.678322
1.70017
1.648464
1.734007
1.605735
1.73822
1.690685
1.706897
1.657534
1.683135
1.701493
1.749141
1.624113
1.719858
1.728353
1.787671
1.655877
1.691743
1.74359
1.659284
1.672662
1.73494
1.708633
1.665493
1.697391
1.784411
1.684022
1.674336
1.744828
1.671429
1.739425
1.679181
1.650794
1.717431
1.703571
1.670175
1.708703
1.720768
1.811258
1.727116
1.676522
1.619718
1.654822
1.715278
1.655536
1.599297
1.615108
1.724613
1.661431
1.682373
1.786078
1.611208
1.689286
1.706577
1.700997
1.748727
1.705785
1.733096
1.614286
1.658537
1.704745
1.668571
1.674503
1.711409
1.819095
1.710843
1.654545
1.732394
1.727434
1.717647
1.72093
1.715789
1.72069
1.725557
1.743333
1.735294
1.652482
1.824561
1.764499
1.714744
1.651123
1.697196
1.655296
1.715266
1.641953
1.62963
1.73
1.712204
1.693141
1.710483
1.645796
1.64467
1.747331
1.696335
1.734694
1.655417
1.758389
1.739726
1.707483
1.656743
1.691792
1.735242
1.718213
1.730298
1.624561
1.71381
1.67642
1.728055
1.729642
1.629252
1.875839
1.802676
1.765517
1.706294
1.636684
1.646847
1.681507
1.681208
1.695652
1.716172
1.752122
1.769231
1.627561
1.654189
1.717277
1.703959
1.752846
1.722704
1.699145
1.712803
1.724138
1.748299
1.638376
1.721649
1.649306
1.705983
1.663121
1.807432
1.723183
1.76259
1.799649
1.68717
1.775862
1.645656
1.726795
1.684575
1.69338
1.704348
1.716695
1.749117
1.691508
1.641953
1.657534
1.754816
1.695575
1.692833
1.697183
1.672072
1.693913
1.81982
1.755245
1.784452
1.742149
1.764321
1.641379
1.659091
1.642496
1.659864
1.69844
1.602941
1.625926
1.760135
1.667244
1.731707
1.658621
1.669368
1.660245
1.673111
1.634483
1.64311
1.689394
1.763158
1.787375
1.801347
1.663194
1.705674
1.651408
1.636364
1.661017
1.678632
1.814876
1.602968
1.628866
1.703072
1.681901
1.621908
1.751313
1.687708
1.701068
1.875862
1.689189
1.641208
1.739286
1.704584
1.652632
1.731497
1.674658
1.666081
1.644524
1.702359
1.701695
1.688963
1.67474
1.749129
1.618538
1.784615
1.687606
1.737931
1.710247
1.688073
1.640212
1.714789
1.80756
1.642218
1.732394
1.710843
1.691508
1.666099
1.682594
1.647887
1.723776
1.596296
1.70798
1.672014
1.653285
1.773451
1.75265
1.788779
1.714286
1.692042
1.697509
1.710714
1.681109
1.689531
1.683502
1.678445
1.761499
1.681004
1.753744
1.704626
1.752151
1.683478
1.714286
1.641208
1.667257
1.740214
1.646048
1.687943
1.748744
1.687389
1.686207
1.69873
1.699301
1.740484
1.725557
1.692845
1.76054
1.768421
1.663653
1.646259
1.726795
1.656307
1.751244
1.619546
1.673611
1.75
1.746293
1.718696
1.731588
1.696552
1.695035
1.846429
1.732394
1.667845
1.697917
1.759582
1.716695
1.726644
1.763371
1.716878
1.725694
1.710392
1.709343
1.772021
1.732394
1.815385
1.797872
1.765766
1.647887
1.737201
1.743842
1.743243
1.810147
1.628227
1.652482
1.727121
1.798995
1.835951
1.711443
1.72935
1.65812
1.705085
1.639229
1.788194
1.735849
1.7
1.722871
1.687612
1.681208
1.667832
1.66725
1.621343
1.700997
1.667797
1.696028
1.71134
1.738676
1.714286
1.67354
1.737478
1.596581
1.672978
1.692573
1.667857
1.691252
1.578014
1.685512
1.705036
1.680815
1.712803
1.732888
1.683099
1.729167
1.710924
1.706714
1.681736
1.641892
1.780776
1.672355
1.630435
1.69258
1.662566
1.679577
1.705686
1.740304
1.765101
1.682759
1.730835
1.612319
1.6942
1.682432
1.677305
1.69009
1.664336
1.768166
1.654917
1.707563
1.703704
1.605735
1.72402
1.666667
1.65
1.647266
1.735192
1.747899
1.75
1.698774
1.62766
1.741379
1.65704
1.744387
1.687606
1.653571
1.682594
1.707826
1.699659
1.628975
1.683673
1.698962
1.607509
1.735343
1.678445
1.704745
1.661485
1.741824
1.683673
1.675774
1.67037
1.662651
1.737123
1.681261
1.660177
1.800687
1.710843
1.683168
1.669659
1.742268
1.728814
1.786207
1.704974
1.748344
1.713793
1.675302
1.813793
1.681261
1.69147
1.812606
1.761675
1.705566
1.747899
1.783784
1.740484
1.752542
1.603738
1.631944
1.680147
1.749186
1.699145
1.675585
1.715771
1.671329
1.711375
1.659735
1.708839
1.674825
1.631304
1.756345
1.697279
1.716724
1.751748
1.658537
1.65614
1.689046
1.68547
1.639175
1.760832
1.667857
1.67893
1.641577
1.763514
1.70087
1.68547
1.722127
1.687389
1.616299
1.728261
1.652021
1.791453
1.679417
1.664903
1.755672
1.619718
1.781629
1.632933
1.723894
1.710669
1.822148
1.747508
1.682759
1.742905
1.657244
1.663748
1.701068
1.6337
1.671533
1.752151
1.734513
1.7962
1.730375
1.585492
1.704861
1.721562
1.681159
1.670669
1.709619
1.696246
1.649123
1.692308
1.728643
1.666068
1.702359
1.75
1.676157
1.662651
1.720354
1.732394
1.718033
1.719626
1.684982
1.703154
1.742475
1.670886
1.700348
1.724014
1.669118
1.77479
1.757265
1.705983
1.734007
1.666055
1.711679
1.685767
1.681416
1.665517
1.66281
1.731749
1.633094
1.749141
1.731293
1.691792
1.729452
1.681109
1.680412
1.750446
1.778182
1.635714
1.724613
1.680431
1.711191
1.742287
1.776248
1.674825
1.622896
1.664336
1.75
1.650685
1.65035
1.666667
1.719237
1.717206
1.741824
1.670669
1.643836
1.716312
1.723894
1.681661
1.770435
1.763113
1.665441
1.654676
1.707155
1.777027
1.762376
1.755245
1.609467
1.719858
1.693632
1.670753
1.731993
1.703316
1.822742
1.701843
1.711744
1.720395
1.789474
1.689189
1.730835
1.745063
1.703971
1.627417
1.77931
1.701657
1.695575
1.698582
1.678445
1.703959
1.6942
1.65704
1.727434
1.721739
1.723776
1.66782
1.819095
1.684588
1.70979
1.678201
1.701342
1.660312
1.634752
1.644444
1.645614
1.703448
1.669659
1.646847
1.70318
1.68254
1.79078
1.638938
1.697509
1.761827
1.640489
1.615251
1.7338
1.644444
1.682211
1.638938
1.669091
1.68873
1.713787
1.780034
1.693632
1.715789
1.692035
1.753002
1.72043
1.736041
1.680412
1.753521
1.681261
1.655877
1.738676
1.623288
1.699275
1.754561
1.643494
1.577617
1.65338
1.678322
1.653631
1.790541
1.671141
1.721739
1.749559
1.662478
1.709343
1.695035
1.705373
1.7
1.683656
1.664311
1.647059
1.797428
1.644068
1.729097
1.631579
1.622378
1.726316
1.631285
1.725217
1.725217
1.683099
1.69844
1.697074
1.596296
1.655914
1.665468
1.715254
1.792517
1.75
1.702703
1.717687
1.700535
1.718919
1.704433
1.630713
1.693603
1.660959
1.645522
1.707563
1.750865
1.645756
1.67148
1.729242
1.656846
1.747811
1.689895
1.637874
1.677419
1.663717
1.735294
1.746388
1.701975
1.807356
1.621622
1.667276
1.718121
1.698305
1.712838
1.681063
1.652803
1.689895
1.636986
1.763478
1.68662
1.72617
1.680702
1.694397
1.683453
1.685121
1.725632
1.605307
1.747475
1.785349
1.72549
1.647687
1.714286
1.726644
1.689949
1.65324
1.701987
1.700704
1.65035
1.703704
1.743501
1.723404
1.642857
1.724382
1.737882
1.72242
1.707665
1.729549
1.642105
1.671692
1.709735
1.585366
1.700704
1.766372
1.659051
1.744108
1.702055
1.710758
1.670753
1.759292
1.678632
1.646235
1.687822
1.730104
1.716753
1.634752
1.6942
1.751724
1.718213
1.678883
1.779633
1.722736
1.749141
1.681004
1.738977
1.690476
1.70922
1.719039
1.723183
1.705882
1.755853
1.647059
1.707483
1.6102
1.687822
1.716724
1.702564
1.783051
1.668488
1.696649
1.674177
1.659649
1.610619
1.723661
1.660107
1.723292
1.679443
1.710669
1.747088
1.789104
1.69258
1.682657
1.650086
1.709677
1.69863
1.66323
1.732639
1.694631
1.66899
1.681979
1.664336
1.606119
1.73357
1.712352
1.738832
1.658621
1.682594
1.740484
1.66436
1.743682
1.738095
1.653333
1.693182
1.728643
1.748727
1.755245
1.703041
1.719533
1.657238
1.713799
1.68547
1.794454
1.65
1.690141
1.70068
1.666667
1.647482
1.763727
1.704348
1.670711
1.719533
1.747331
1.729819
1.675
1.716239
1.647469
1.615108
1.710843
1.656566
1.679727
1.699825
1.631103
1.660245
1.707746
1.650909
1.629758
1.73494
1.757072
1.753954
1.813149
1.598579
1.669039
1.696864
1.679443
1.659504
1.710197
1.714286
1.687822
1.722022
1.781753
1.773451
1.667857
1.634752
1.69258
1.778163
1.734483
1.713805
1.737201
1.730973
1.766724
1.646447
1.7338
1.679856
1.657658
1.717172
1.676056
1.672662
1.655518
1.694794
1.710884
1.746967
1.667244
1.710197
1.783051
1.646847
1.760943
1.764286
1.728571
1.633094
1.690391
1.707641
1.649123
1.676364
1.731148
1.727116
1.735593
1.699301
1.75089
1.744538
1.710884
1.767742
1.753425
1.701493
1.718261
1.65233
1.73
1.614841
1.643599
1.790738
1.630996
1.782759
1.616341
1.755594
1.667808
1.708839
1.704745
1.654822
1.775578
1.673321
1.706714
1.715753
1.757366
1.579892
1.694974
1.72117
1.688136
1.706714
1.674099
1.722704
1.735726
1.659284
1.744828
1.731497
1.691525
1.678632
1.698997
1.718543
1.803987
1.70087
1.715243
1.71
1.688663
1.587413
1.744308
1.688406
1.737303
1.660714
1.775128
1.718213
1.646048
1.748744
1.731183
1.674912
1.692845
1.68662
1.785235
1.715266
1.716814
1.619048
1.648649
1.709571
1.759322
1.725166
1.655052
1.669535
1.711111
1.655652
1.745331
1.678201
1.677643
1.668412
1.787086
1.676976
1.726644
1.699324
1.614286
1.698176
1.698113
1.671743
1.692845
1.659794
1.697391
1.72935
1.637961
1.724739
1.753378
1.665455
1.676732
1.655046
1.8
1.62963
1.712821
1.662021
1.661431
1.703226
1.663685
1.620253
1.653631
1.658887
1.720466
1.620438
1.760714
1.702797
1.690722
1.726465
1.742044
1.710758
1.727273
1.733333
1.654701
1.645217
1.623656
1.675182
1.755372
1.643636
1.699482
1.706806
1.691508
1.73928
1.707483
1.765734
1.744227
1.635739
1.777778
1.68
1.717687
1.698962
1.680431
1.634483
1.688042
1.637024
1.668966
1.612319
1.676522
1.706195
1.709459
1.646853
1.725352
1.715808
1.684404
1.660245
1.746429
1.672297
1.69338
1.771812
1.67931
1.778947
1.711806
1.705983
1.692308
1.711409
1.760832
1.777038
1.769094
1.65493
1.752613
1.674256
1.689046
1.755172
1.700176
1.714783
1.730835
1.679727
1.611785
1.752613
1.66426
1.76
1.721943
1.751261
1.723519
1.692833
1.700348
1.676667
1.77377
1.716783
1.733102
1.647687
1.656947
1.708333
1.681818
1.722034
1.65391
1.702838
1.677064
1.71836
1.755776
1.677311
1.59646
1.695804
1.648148
1.702614
1.625225
1.691769
1.615245
1.701975
1.734694
1.659051
1.71476
1.70068
1.673401
1.68662
1.70084
1.678511
1.760984
1.684211
1.728814
1.735714
1.769737
1.693405
1.670213
1.723794
1.646182
1.69697
1.671958
1.74216
1.688581
1.770035
1.762542
1.725086
1.713799
1.667257
1.726027
1.733102
1.730185
1.720508
1.771429
1.77969
1.71875
1.691525
1.66113
1.742268
1.728522
1.662162
1.70979
1.706294
1.761345
1.713793
1.688663
1.640288
1.716263
1.737024
1.709343
1.661319
1.701493
1.776294
1.765886
1.670753
1.773649
1.675958
1.681416
1.629091
1.746622
1.651408
1.677193
1.68254
1.676951
1.680431
1.741259
1.681979
1.643243
1.699301
1.643785
1.696203
1.775544
1.660312
1.775578
1.67509
1.682051
1.712352
1.714286
1.752151
1.744828
1.705373
1.684575
1.687919
1.728055
1.765306
1.727434
1.661319
1.741294
1.792642
1.669477
1.727428
1.67128
1.658887
1.630137
1.716639
1.730419
1.648276
1.709735
1.717352
1.702752
1.696864
1.671186
1.787022
1.72069
1.758092
1.758007
1.717172
1.749571
1.645217
1.621239
1.609929
1.762887
1.820069
1.697183
1.690722
1.673684
1.741259
1.695946
1.729167
1.735144
1.647469
1.710247
1.759322
1.753378
1.597173
1.683274
1.63964
1.64726
1.702936
1.701342
1.68662
1.697987
1.811518
1.675676
1.715808
1.652778
1.757167
1.743945
1.592199
1.782609
1.703571
1.774461
1.760684
1.614973
1.714286
1.690972
1.824138
1.662692
1.59364
1.618018
1.714795
1.777778
1.672474
1.728027
1.777003
1.692573
1.701439
1.676056
1.693356
1.6875
1.707231
1.692573
1.682594
1.66494
1.616725
1.609319
1.666087
1.729825
1.759322
1.65625
1.727586
1.724868
1.735192
1.701342
1.716724
1.751295
1.722034
1.688663
1.750416
1.733558
1.739286
1.651706
1.669659
1.678883
1.614583
1.692833
1.754816
1.710963
1.609576
1.645614
1.719858
1.707826
1.733553
1.696864
1.675497
1.647266
1.694291
1.672355
1.705373
1.593695
1.741056
1.755034
1.705977
1.804636
1.702602
1.740484
1.776577
1.649063
1.78777
1.72069
1.68717
1.703971
1.8
1.719298
1.738832
1.640138
1.683099
1.747841
1.692821
1.753744
1.678632
1.670753
1.725888
1.637681
1.658273
1.750865
1.682143
1.749588
1.589286
1.7
1.723183
1.660777
1.684385
1.72844
1.688172
1.646429
1.726027
1.626335
1.614545
1.695946
1.651877
1.716263
1.657244
1.660245
1.738676
1.687075
1.71875
1.768014
1.761246
1.672978
1.788396
1.640934
1.716783
1.801347
1.670139
1.783217
1.760135
1.65625
1.782007
1.705479
1.62387
1.658451
1.772806
1.659722
1.705151
1.78
1.751295
1.709845
1.718861
1.692035
1.692308
1.757785
1.62963
1.711864
1.65343
1.748727
1.734628
1.730375
1.763293
1.767123
1.780069
1.754098
1.762938
1.706485
1.6875
1.712256
1.612903
1.700337
1.727575
1.780687
1.681574
1.651376
1.72117
1.707641
1.741176
1.656846
1.605787
1.698962
1.689895
1.800979
1.768827
1.577818
1.649913
1.709619
1.714789
1.649007
1.723894
1.702128
1.656947
1.749091
1.663121
1.744227
1.660312
1.715808
1.734483
1.720137
1.712838
1.646259
1.691489
1.609319
1.685121
1.736842
1.679727
1.717857
1.72
1.702838
1.71831
1.684391
1.686275
1.775439
1.648084
1.7338
1.74744
1.760417
1.704745
1.811258
1.758684
1.647469
1.736111
1.750831
1.654189
1.683274
1.721477
1.732419
1.799331
1.718261
1.649913
1.687719
1.643357
1.659432
1.703839
1.66725
1.72935
1.625
1.724258
1.617241
1.688172
1.755518
1.721088
1.700516
1.705882
1.617241
1.73545
1.659722
1.74359
1.694158
1.709402
1.742958
1.675676
1.678082
1.734513
1.690476
1.690476
1.673111
1.610345
1.67033
1.693913
1.831579
1.768456
1.673684
1.716172
1.812709
1.726351
1.659208
1.798995
1.659722
1.708968
1.763016
1.702055
1.723519
1.707483
1.747475
1.744898
1.690941
1.684391
1.619893
1.680815
1.67753
1.692833
1.660377
1.736486
1.755172
1.724613
1.689594
1.705036
1.678392
1.714286
1.651568
1.702655
1.698582
1.702055
1.663194
1.701695
1.68784
1.694683
1.742574
1.715254
1.688811
1.734266
1.613475
1.697074
1.773973
1.679466
1.78843
1.687389
1.710575
1.676976
1.79322
1.707641
1.68784
1.725363
1.691203
1.638298
1.63986
1.659051
1.637961
1.696028
1.715789
1.737013
1.624348
1.692035
1.703971
1.677656
1.732143
1.667263
1.720508
1.671848
1.72935
1.644991
1.696667
1.724138
1.73357
1.744463
1.711268
1.715278
1.637324
1.680556
1.804054
1.663748
1.705263
1.699659
1.736842
1.720768
1.660245
1.628975
1.701342
1.756579
1.637288
1.639535
1.72093
1.735099
1.691203
1.691489
1.691002
1.655405
1.725293
1.63964
1.82807
1.721088
1.775
1.658206
1.814815
1.662116
1.652778
1.657343
1.723549
1.692035
1.753695
1.667808
1.682594
1.649558
1.668468
1.662732
1.655417
1.679868
1.764706
1.714286
1.715789
1.641121
1.733788
1.748727
1.715771
1.703704
1.643599
1.651865
1.69697
1.717277
1.699443
1.626527
1.655877
1.754561
1.721008
1.701599
1.692035
1.699831
1.738983
1.753378
1.675579
1.68595
1.749153
1.72296
1.693141
1.709343
1.736486
1.750853
1.642612
1.750427
1.74552
1.632867
1.748727
1.773196
1.695502
1.70318
1.68705
1.691756
1.713793
1.73854
1.789298
1.693913
1.731993
1.749129
1.74171
1.737649
1.619048
1.731959
1.734694
1.729452
1.644599
1.756554
1.734007
1.70798
1.639576
1.671186
1.694545
1.69338
1.700348
1.714286
1.727586
1.788756
1.658621
1.686957
1.759863
1.68254
1.691508
1.671429
1.723127
1.628676
1.694397
1.828767
1.670669
1.62565
1.724832
1.712803
1.772806
1.708904
1.715753
1.640411
1.625926
1.710345
1.797203
1.66843
1.628319
1.705566
1.708405
1.744755
1.812191
1.646859
1.765324
1.690685
1.669627
1.739583
1.711864
1.722603
1.70123
1.759863
1.661972
1.72093
1.684028
1.697749
1.69697
1.632653
1.67753
1.77193
1.605735
1.707746
1.684956
1.810811
1.70123
1.819113
1.733813
1.627376
1.767123
1.598604
1.719472
1.716724
1.647863
1.656028
1.644444
1.764706
1.761345
1.673043
1.746479
1.633851
1.651706
1.757576
1.721831
1.72711
1.672192
1.721008
1.738516
1.618718
1.7
1.726496
1.671902
1.693913
1.677758
1.670628
1.658887
1.695431
1.656028
1.706714
1.642218
1.728086
1.726667
1.77
1.619217
1.684564
1.725086
1.72935
1.644828
1.689046
1.638596
1.697917
1.688172
1.797639
1.72437
1.745645
1.708333
1.6875
1.720354
1.716814
1.639794
1.700337
1.746881
1.656827
1.793345
1.744828
1.753744
1.672131
1.659722
1.769653
1.695886
1.774492
1.725694
1.731293
1.61326
1.712281
1.637288
1.72
1.666093
1.716263
1.616341
1.768166
1.713299
1.740484
1.753744
1.702564
1.700516
1.707746
1.713787
1.690476
1.642496
1.607273
1.65035
1.624348
1.649306
1.764321
1.794224
1.698246
1.73638
1.689895
1.759425
1.643739
1.680272
1.706362
1.698246
1.676951
1.708561
1.670175
1.659259
1.666105
1.677419
1.691252
1.782683
1.741935
1.768966
1.704918
1.699819
1.732231
1.58363
1.764906
1.610108
1.732394
1.714286
1.774461
1.750422
1.690685
1.723077
1.561243
1.653097
1.740614
1.675579
1.712855
1.66426
1.746667
1.754069
1.703204
1.680851
1.704251
1.683837
1.700176
1.624329
1.734242
1.648551
1.660504
1.653097
1.700516
1.735144
1.734426
1.708185
1.734767
1.73913
1.721943
1.693356
1.719658
1.791045
1.642981
1.733591
1.685714
1.721739
1.680412
1.657848
1.741176
1.746575
1.699463
1.796388
1.69009
1.712855
1.776991
1.646643
1.689189
1.744526
1.621723
1.692857
1.687273
1.778169
1.733788
1.703704
1.748727
1.715232
1.744828
1.67354
1.663653
1.67931
1.613913
1.788732
1.723022
1.664957
1.726813
1.613793
1.72711
1.630931
1.733564
1.657244
1.625455
1.736842
1.672662
1.77972
1.804636
1.697391
1.697595
1.714286
1.632509
1.725694
1.774359
1.704348
1.704745
1.633157
1.697632
1.754647
1.736111
1.732852
1.741135
1.740984
1.743056
1.707826
1.694631
1.656846
1.664825
1.704626
1.670068
1.676056
1.711304
1.739726
1.68369
1.682883
1.672598
1.727121
1.711304
1.701906
1.633508
1.653097
1.69863
1.734694
1.659649
1.813149
1.692308
1.70826
1.72695
1.762069
1.719064
1.722871
1.738676
1.643243
1.705455
1.667257
1.744308
1.725564
1.674658
1.670034
1.807487
1.697297
1.65642
1.713805
1.689594
1.675127
1.782178
1.758437
1.701275
1.722022
1.664903
1.780446
1.670588
1.707071
1.797153
1.633218
1.692568
1.758621
1.702055
1.617544
1.663717
1.679279
1.765542
1.684034
1.671186
1.645217
1.714286
1.696649
1.7
1.66725
1.753002
1.674677
1.687285
1.750427
1.740072
1.680556
1.722871
1.658206
1.74744
1.723519
1.727915
1.620253
1.656947
1.718696
1.786575
1.648313
1.73545
1.745645
1.601375
1.693122
1.667276
1.690972
1.663158
1.59415
1.72549
1.730769
1.690941
1.68254
1.671958
1.699647
1.705584
1.814189
1.70087
1.673913
1.729452
1.681742
1.652632
1.70826
1.619048
1.740876
1.596396
1.756757
1.673401
1.679727
1.692573
1.757143
1.678245
1.715254
1.722022
1.66725
1.651079
1.707563
1.670669
1.731588
1.739895
1.723292
1.715328
1.68717
1.727749
1.737649
1.711712
1.673394
1.657754
1.657534
1.688889
1.728188
1.737931
1.638225
1.691508
1.728752
1.704202
1.698113
1.64527
1.708333
1.692308
1.719723
1.681979
1.766892
1.777038
1.780822
1.788194
1.640288
1.674576
1.693405
1.701754
1.746622
1.675958
1.67931
1.694397
1.670034
1.7022
1.682143
1.71476
1.696763
1.761246
1.662609
1.686833
1.724382
1.689949
1.66611
1.629752
1.672014
1.669449
1.669596
1.701031
1.699301
1.662478
1.706667
1.679595
1.757679
1.682051
1.619366
1.747049
1.630282
1.721429
1.710843
1.821918
1.747981
1.621622
1.747899
1.737931
1.722222
1.680431
1.75626
1.734513
1.646617
1.761246
1.713781
1.69863
1.694853
1.695502
1.74216
1.699301
1.73064
1.659498
1.72711
1.695271
1.665517
1.75089
1.730835
1.692308
1.66725
1.686747
1.712821
1.729537
1.726813
1.744681
1.710623
1.728873
1.660066
1.690722
1.636986
1.725979
1.638989
1.708185
1.67354
1.673111
1.716239
1.689594
1.697842
1.72437
1.771721
1.730375
1.717241
1.709343
1.720466
1.786441
1.629116
1.791809
1.772021
1.581982
1.645217
1.704202
1.727731
1.648746
1.644128
1.69697
1.657658
1.71
1.75475
1.691769
1.688266
1.62963
1.698774
1.601463
1.684391
1.766187
1.753899
1.620981
1.716878
1.68547
1.734266
1.771721
1.70798
1.809199
1.701107
1.654321
1.73057
1.710843
1.714286
1.720137
1.747405
1.686542
1.721519
1.681261
1.695804
1.652324
1.778535
1.700704
1.787582
1.635714
1.694683
1.706897
1.763699
1.673835
1.714286
1.64726
1.766102
1.662295
1.77665
1.721831
1.753289
1.606004
1.666087
1.671233
1.669596
1.765273
1.646853
1.727422
1.710297
1.686411
1.691275
1.621716
1.72449
1.652803
1.681574
1.671587
1.64539
1.710884
1.698176
1.738843
1.809028
1.705983
1.701544
1.64
1.66725
1.663653
1.684211
1.647687
1.753954
1.741056
1.667857
1.633752
1.645985
1.701107
1.671848
1.69844
1.640068
1.633562
1.676364
1.761733
1.670669
1.691756
1.681507
1.67632
1.7
1.590494
1.735099
1.686747
1.676259
1.779359
1.624779
1.692308
1.670103
1.688963
1.708543
1.713787
1.751724
1.704319
1.649485
1.664921
1.73064
1.693632
1.69103
1.616341
1.683636
1.699463
1.72043
1.743409
1.699647
1.747841
1.773266
1.740433
1.712838
1.747292
1.701754
1.679862
1.629371
1.747331
1.636036
1.697074
1.689713
1.713793
1.70123
1.759863
1.710801
1.625418
1.675
1.66426
1.638336
1.704202
1.782531
1.716194
1.756522
1.712329
1.708772
1.705686
1.736842
1.661642
1.725
1.655987
1.775475
1.721831
1.675676
1.674177
1.711893
1.725086
1.710345
1.69844
1.663194
1.77094
1.701031
1.672072
1.697715
1.721739
1.697391
1.671329
1.752542
1.713805
1.742857
1.650847
1.722504
1.628571
1.71875
1.72617
1.674336
1.744308
1.736227
1.626102
1.746881
1.740741
1.681109
1.692042
1.757576
1.725888
1.776224
1.703316
1.685864
1.704319
1.778547
1.73854
1.750416
1.659051
1.647863
1.702655
1.727273
1.789842
1.693632
1.694794
1.687708
1.683837
1.549815
1.686411
1.696667
1.677205
1.719745
1.625
1.701695
1.738832
1.742809
1.736041
1.725557
1.669596
1.670753
1.705479
1.711304
1.760417
1.64
1.710098
1.722807
1.648393
1.6234
1.719424
1.72232
1.663748
1.717314
1.611307
1.7022
1.727586
1.685714
1.659341
1.682211
1.681895
1.706714
1.660245
1.641208
1.71836
1.703578
1.687389
1.668942
1.612565
1.783784
1.805556
1.699831
1.728814
1.726351
1.70979
1.709091
1.727116
1.778912
1.754816
1.717857
1.732888
1.806122
1.724739
1.666667
1.745063
1.660377
1.570662
1.703041
1.732174
1.714801
1.655914
1.721562
1.800979
1.696113
1.666087
1.631206
1.659051
1.728314
1.667244
1.766063
1.674658
1.768313
1.703839
1.643225
1.68662
1.675485
1.712821
1.684397
1.690756
1.608696
1.676056
1.762712
1.777403
1.6875
1.671958
1.726829
1.756272
1.650177
1.711304
1.686275
1.630551
1.718261
1.709845
1.747508
1.717391
1.683453
1.707317
1.688969
1.721831
1.713262
1.725694
1.760563
1.742958
1.653516
1.716194
1.638376
1.727891
1.667244
1.66787
1.720207
1.642599
1.633452
1.649186
1.697279
1.704225
1.668412
1.781879
1.668942
1.716783
1.723776
1.663808
1.768313
1.719928
1.707071
1.556738
1.708968
1.646429
1.696429
1.685921
1.750877
1.660245
1.631485
1.679862
1.6609
1.635379
1.639515
1.684956
1.630551
1.654701
1.722973
1.694352
1.704505
1.61658
1.672727
1.732394
1.631944
1.635739
1.694631
1.722222
1.692308
1.655172
1.623446
1.698774
1.733564
1.625442
1.665468
1.717241
1.760656
1.665505
1.72344
1.736041
1.71777
1.698176
1.683305
1.681895
1.63964
1.767123
1.680921
1.751678
1.72617
1.684746
1.802768
1.673111
1.60221
1.676259
1.689655
1.664921
1.694794
1.667238
1.744966
1.690141
1.732394
1.695575
1.731922
1.65324
1.693333
1.678245
1.647668
1.769481
1.705983
1.609576
1.733777
1.668412
1.705085
1.747899
1.703833
1.649123
1.733813
1.742998
1.688442
1.706897
1.705584
1.676522
1.619546
1.628866
1.698962
1.700348
1.72232
1.690391
1.666667
1.727273
1.715808
1.737201
1.849918
1.696335
1.645796
1.660839
1.694683
1.664234
1.764906
1.693103
1.700516
1.73057
1.686833
1.678119
1.720848
1.708333
1.674912
1.724958
1.697196
1.741472
1.771231
1.777778
1.709343
1.705779
1.696459
1.706806
1.730298
1.663717
1.734729
1.582301
1.78157
1.758993
1.682594
1.64076
1.690435
1.694545
1.66065
1.622332
1.65493
1.662651
1.76054
1.725352
1.62226
1.687943
1.679715
1.693356
1.749577
1.671378
1.737201
1.651007
1.82906
1.663778
1.740864
1.659208
1.720768
1.723661
1.790698
1.811258
1.695726
1.558719
1.675042
1.67753
1.74359
1.707746
1.712766
1.722127
1.651123
1.716446
1.721088
1.671141
1.617241
1.714286
1.723404
1.739566
1.683849
1.733333
1.75626
1.677419
1.652632
1.654189
1.702128
1.78
1.705263
1.675393
1.72437
1.779335
1.722704
1.687389
1.70123
1.71836
1.709949
1.636364
1.655797
1.664975
1.702655
1.702797
1.704698
1.705085
1.664975
1.719595
1.715254
1.666667
1.732639
1.772806
1.781095
1.62309
1.74
1.733788
1.687395
1.732877
1.716753
1.677419
1.804795
1.630282
1.695886
1.690756
1.713274
1.696667
1.726496
1.714777
1.587413
1.706619
1.687822
1.768014
1.665552
1.777778
1.648506
1.665517
1.727891
1.680141
1.639515
1.658887
1.785714
1.616341
1.642218
1.679715
1.659341
1.636029
1.703578
1.674658
1.663043
1.697074
1.745975
1.739286
1.748744
1.687075
1.757576
1.716912
1.693356
1.772881
1.699482
1.676568
1.716194
1.700997
1.734729
1.697391
1.733114
1.69258
1.804878
1.688742
1.792254
1.744966
1.805369
1.707746
1.723661
1.720067
1.674024
1.717687
1.670628
1.714286
1.686007
1.700516
1.734291
1.66791
1.742609
1.694079
1.715328
1.658182
1.65411
1.675302
1.766277
1.639229
1.59854
1.750446
1.690476
1.719064
1.694245
1.699301
1.729537
1.760135
1.63167
1.72402
1.588235
1.636678
1.692857
1.647469
1.702564
1.634446
1.792517
1.622776
1.753223
1.658451
1.676976
1.772194
1.7338
1.690722
1.785589
1.744681
1.738382
1.668376
1.77094
1.691252
1.700348
1.725694
1.661142
1.618182
1.613913
1.759197
1.695804
1.726027
1.740035
1.723022
1.750427
1.639123
1.661972
1.721519
1.721943
1.604895
1.744538
1.70798
1.69395
1.692845
1.648746
1.729201
1.619048
1.739583
1.679862
1.741176
1.708968
1.696864
1.67931
1.688963
1.6633
1.747715
1.659051
1.715302
1.681895
1.735507
1.808318
1.637993
1.711268
1.651408
1.731959
1.724739
1.787022
1.784247
1.744108
1.646465
1.664207
1.65338
1.753744
1.689482
1.677966
1.740675
1.752961
1.70087
1.678322
1.691252
1.793215
1.687822
1.741294
1.672014
1.726667
1.692308
1.780105
1.675958
1.666081
1.644444
1.777385
1.713311
1.634409
1.722973
1.743219
1.762887
1.65
1.720768
1.665529
1.601363
1.70123
1.846957
1.767606
1.6
1.688581
1.70826
1.63472
1.721254
1.660839
1.743945
1.802768
1.657244
1.649123
1.665529
1.700901
1.794266
1.687943
1.705779
1.773266
1.707317
1.633394
1.702655
1.686067
1.702936
1.704467
1.714795
1.702703
1.749153
1.696078
1.708839
1.708904
1.699115
1.730835
1.652632
1.669118
1.687606
1.680412
1.640934
1.698246
1.66843
1.732888
1.705373
1.606272
1.737303
1.668529
1.654676
1.7338
1.685665
1.683135
1.785965
1.757674
1.777778
1.679181
1.772496
1.661922
1.684887
1.747331
1.70922
1.74171
1.689769
1.676157
1.736301
1.654321
1.739566
1.658088
1.663586
1.620981
1.711152
1.694915
1.674912
1.639229
1.71831
1.744463
1.758621
1.65812
1.691252
1.697297
1.672297
1.753794
1.681895
1.630037
1.637343
1.630597
1.728223
1.660312
1.727273
1.665493
1.687822
1.698246
1.740741
1.733564
1.65897
1.711375
1.717857
1.686275
1.755319
1.75265
1.716695
1.640336
1.679856
1.744966
1.761246
1.640336
1.715867
1.727891
1.703204
1.724382
1.786078
1.676127
1.713287
1.68547
1.727273
1.700704
1.752212
1.66899
1.668394
1.623489
1.743409
1.707483
1.764505
1.775801
1.72471
1.70826
1.793706
1.718166
1.715278
1.69338
1.734513
1.701149
1.750842
1.669596
1.668919
1.728055
1.720354
1.782972
1.577735
1.632353
1.684764
1.75
1.754011
1.670711
1.696335
1.704225
1.769363
1.801681
1.721854
1.655987
1.66782
1.694494
1.658703
1.681661
1.6609
1.669014
1.677966
1.71134
1.668342
1.714777
1.706985
1.73262
1.605536
1.693086
1.758913
1.680581
1.710247
1.648313
1.766277
1.719237
1.670175
1.711864
1.626761
1.728988
1.630551
1.656958
1.70639
1.751678
1.681979
1.727428
1.752961
1.667808
1.644599
1.711806
1.707071
1.695167
1.685152
1.680556
1.670213
1.686957
1.670213
1.704348
1.777015
1.699324
1.715278
1.669091
1.65371
1.670588
1.599291
1.700176
1.610018
1.656357
1.659284
1.769784
1.635009
1.658363
1.727116
1.671692
1.709516
1.747368
1.673321
1.785349
1.768067
1.662069
1.671975
1.735537
1.721477
1.636364
1.741824
1.756849
1.65625
1.693662
1.689119
1.735395
1.751678
1.797005
1.744144
1.706093
1.665505
1.774359
1.659498
1.661538
1.741379
1.758684
1.743501
1.703072
1.731449
1.74376
1.666075
1.68386
1.660584
1.790378
1.747841
1.724138
1.692042
1.704348
1.692845
1.697279
1.684575
1.645796
1.738007
1.712305
1.65942
1.625
1.648352
1.603509
1.684211
1.626335
1.659208
1.648995
1.658802
1.715232
1.696552
1.712256
1.703226
1.761404
1.62565
1.562617
1.578231
1.644689
1.725835
1.711645
1.604607
1.649635
1.716912
1.726962
1.692042
1.708126
1.657244
1.694291
1.674825
1.732639
1.66843
1.674099
1.72449
1.721254
1.710714
1.709402
1.631944
1.74216
1.667263
1.657244
1.660036
1.71134
1.67632
1.805369
1.723776
1.708333
1.696028
1.723077
1.729642
1.670103
1.667257
1.727891
1.711304
1.706806
1.71777
1.703571
1.712766
1.681818
1.745645
1.662162
1.704348
1.74
1.649306
1.770435
1.716239
1.761345
1.74359
1.6609
1.65614
1.722913
1.658703
1.713793
1.640845
1.70068
1.690972
1.653516
1.668376
1.73545
1.686957
1.714771
1.70068
1.700165
1.671329
1.717314
1.738983
1.682657
1.682594
1.791453
1.631944
1.741824
1.680815
1.681979
1.736585
1.764706
1.647469
1.802768
1.770609
1.745201
1.640411
1.685864
1.709735
1.669565
1.685092
1.690236
1.679144
1.714286
1.712256
1.693356
1.69844
1.746244
1.660959
1.676056
1.691228
1.671378
1.714808
1.697715
1.621716
1.696763
1.689949
1.78125
1.681818
1.701906
1.696113
1.706294
1.671743
1.686833
1.728522
1.724958
1.667227
1.724138
1.710247
1.806678
1.675214
1.632058
1.74397
1.765957
1.694794
1.660959
1.738693
1.63472
1.690435
1.615245
1.69687
1.686786
1.759076
1.686275
1.716695
1.7338
1.732865
1.765306
1.646048
1.72069
1.6875
1.60424
1.700997
1.738255
1.674024
1.714777
1.655417
1.742504
1.739837
1.613139
1.72402
1.736746
1.725217
1.697715
1.712281
1.672474
1.668449
1.8
1.709459
1.703072
1.680272
1.713262
1.693431
1.640288
1.770548
1.743682
1.648649
1.752345
1.752094
1.642478
1.580986
1.713805
1.715789
1.689781
1.700348
1.705983
1.706806
1.62782
1.679727
1.715266
1.649374
1.710392
1.643225
1.801681
1.71875
1.745875
1.677193
1.721739
1.673611
1.709402
1.695205
1.747715
1.758741
1.706485
1.705584
1.636042
1.697391
1.731034
1.738095
1.690141
1.672185
1.662651
1.709949
1.755102
1.687919
1.627417
1.585821
1.603636
1.690789
1.703704
1.562724
1.771325
1.742609
1.735099
1.701342
1.765112
1.690141
1.710843
1.693053
1.684764
1.749553
1.668488
1.705882
1.773913
1.678275
1.705882
1.726795
1.654189
1.713311
1.701188
1.627417
1.726813
1.685512
1.730081
1.671902
1.693405
1.725557
1.785349
1.681416
1.641997
1.691508
1.792115
1.660245
1.670753
1.73913
1.744681
1.685811
1.685315
1.741935
1.660566
1.726962
1.721088
1.70318
1.753378
1.70297
1.6875
1.797557
1.711775
1.729452
1.761658
1.675676
1.666087
1.621053
1.629371
1.714771
1.7
1.716814
1.676732
1.790349
1.736568
1.622184
1.653097
1.674825
1.731618
1.753695
1.660177
1.674256
1.685767
1.664234
1.720613
1.691252
1.712766
1.701818
1.679849
1.753744
1.726813
1.696552
1.728988
1.694915
1.700337
1.617978
1.653516
1.657754
1.616725
1.710483
1.660839
1.724613
1.65493
1.68543
1.689895
1.646643
1.692573
1.675182
1.637681
1.715686
1.746479
1.711744
1.746479
1.673321
1.700337
1.652482
1.68662
1.714286
1.713799
1.698774
1.623446
1.752542
1.642336
1.715254
1.699831
1.722807
1.755245
1.696335
1.723022
1.646209
1.72232
1.736842
1.660584
1.677193
1.67285
1.765921
1.719178
1.753131
1.679054
1.714765
1.733102
1.743151
1.707155
1.652921
1.739703
1.72695
1.749559
1.798347
1.703297
1.745704
1.743151
1.680141
1.784722
1.630551
1.662651
1.666667
1.693989
1.705584
1.696113
1.719178
1.683824
1.717277
1.677996
1.768014
1.672072
1.668468
1.726795
1.69863
1.697509
1.722704
1.661871
1.773852
1.750842
1.768807
1.697391
1.736667
1.748201
1.775862
1.720466
1.692568
1.673611
1.68306
1.696667
1.726962
1.62766
1.714286
1.738351
1.753954
1.641739
1.652803
1.642496
1.744828
1.690141
1.658273
1.708475
1.667832
1.804714
1.716287
1.658537
1.687612
1.847403
1.785467
1.723404
1.659722
1.757042
1.665428
1.703833
1.745133
1.704584
1.722704
1.703448
1.707563
1.572491
1.621429
1.765289
1.731293
1.688663
1.654577
1.665441
1.663837
1.807107
1.723333
1.721014
1.697917
1.681818
1.699647
1.656667
1.67931
1.618056
1.667269
1.805695
1.696429
1.751748
1.734024
1.669596
1.675302
1.729055
1.628676
1.740402
1.703571
1.679443
1.718644
1.703448
1.723776
1.673759
1.707317
1.7041
1.711039
1.756098
1.758865
1.701439
1.702055
1.701389
1.655797
1.693122
1.672355
1.748744
1.680141
1.695502
1.708054
1.685279
1.668359
1.629752
1.649123
1.712887
1.659794
1.679595
1.708609
1.769481
1.681109
1.67395
1.688496
1.783394
1.6787
1.760135
1.692833
1.707746
1.682759
1.643979
1.691781
1.787671
1.764706
1.686542
1.689949
1.720067
1.718861
1.691781
1.701657
1.672072
1.687822
1.630162
1.687296
1.674177
1.638191
1.705151
1.637681
1.71912
1.78157
1.75
1.605735
1.663778
1.711775
1.670711
1.692308
1.692573
1.660377
1.693989
1.641844
1.559567
1.651888
1.658703
1.607774
1.641115
1.681661
1.664234
1.707948
1.588571
1.668966
1.721477
1.629893
1.750433
1.728814
1.653333
1.739895
1.755172
1.742504
1.667233
1.599303
1.651123
1.679417
1.744538
1.708185
1.668449
1.687943
1.694737
1.758319
1.757167
1.669014
1.719723
1.631304
1.664975
1.681979
1.709677
1.70068
1.676056
1.775362
1.746575
1.610829
1.750842
1.739726
1.667808
1.666075
1.732174
1.753425
1.758092
1.69844
1.640212
1.778547
1.777409
1.635739
1.703704
1.84219
1.783784
1.685665
1.695946
1.787234
1.760417
1.658537
1.775044
1.629234
1.70123
1.67931
1.695502
1.790036
1.73545
1.644366
1.767273
1.692586
1.638596
1.759863
1.727428
1.715736
1.699825
1.754209
1.634868
1.819079
1.688406
1.720354
1.670139
1.77
1.592793
1.63986
1.659722
1.707401
1.721649
1.656743
1.632378
1.65233
1.744755
1.727586
1.661922
1.633094
1.697479
1.679181
1.686703
1.747811
1.737201
1.738095
1.654189
1.783418
1.669535
1.659864
1.705674
1.66899
1.745704
1.762887
1.723794
1.759729
1.593466
1.786765
1.672014
1.723757
1.719237
1.647687
1.68784
1.77371
1.610619
1.644991
1.768166
1.760274
1.667263
1.627737
1.686207
1.720207
1.788396
1.800664
1.816054
1.66494
1.758319
1.648746
1.756522
1.751332
1.755444
1.756708
1.831615
1.622642
1.735343
1.737374
1.708968
1.713793
1.699647
1.686207
1.646018
1.695971
1.749129
1.723333
1.70798
1.68
1.737542
1.763206
1.729055
1.662651
1.719237
1.650685
1.65411
1.778535
1.73064
1.732174
1.781818
1.790941
1.72437
1.726351
1.649241
1.737024
1.682051
1.707826
1.64311
1.640212
1.662651
1.641304
1.739274
1.688266
1.659864
1.69844
1.725086
1.656743
1.642981
1.739895
1.711835
1.714808
1.715771
1.655172
1.705263
1.729201
1.689482
1.795645
1.755776
1.666081
1.684956
1.786575
1.673333
1.784512
1.651376
1.7041
1.681507
1.606498
1.701439
1.655914
1.667785
1.634058
1.692573
1.738657
1.678373
1.719658
1.692308
1.643357
1.717728
1.681661
1.743333
1.679339
1.637607
1.694853
1.70798
1.785838
1.683333
1.730973
1.787671
1.652952
1.751261
1.712785
1.732441
1.803723
1.59415
1.707665
1.684588
1.625213
1.757265
1.713322
1.638842
1.701695
1.674177
1.650092
1.743501
1.705479
1.728643
1.702479
1.69697
1.725835
1.701188
1.787456
1.752613
1.632799
1.760684
1.712256
1.625418
1.718593
1.72232
1.705341
1.710714
1.697509
1.657754
1.623902
1.745201
1.712329
1.706714
1.693103
1.71912
1.716338
1.707563
1.717206
1.698962
1.766323
1.716912
1.636975
1.691203
1.667257
1.688042
1.634103
1.673469
1.668852
1.709459
1.723022
1.644828
1.654237
1.702509
1.852941
1.823529
1.754011
1.636036
1.690909
1.728814
1.68984
1.709343
1.707826
1.692035
1.702936
1.710963
1.662432
1.730769
1.745763
1.632933
1.732203
1.692308
1.773266
1.712305
1.68254
1.716724
1.671233
1.677311
1.770154
1.733333
1.601436
1.714783
1.767285
1.715753
1.679862
1.662207
1.686207
1.63986
1.641115
1.73545
1.733333
1.686007
1.726795
1.648148
1.706177
1.75
1.745201
1.643463
1.672474
1.700997
1.726351
1.667238
1.696028
1.652651
1.708633
1.681818
1.661871
1.682883
1.690685
1.724258
1.62543
1.662566
1.683305
1.818182
1.69844
1.712803
1.722603
1.626102
1.789298
1.724258
1.685665
1.628319
1.63986
1.687395
1.628571
1.694656
1.730018
1.611615
1.727731
1.725557
1.685665
1.661485
1.734982
1.688969
1.630282
1.679012
1.750842
1.720539
1.636678
1.650086
1.813793
1.745704
1.678883
1.765101
1.690391
1.688581
1.75
1.689189
1.683673
1.698925
1.668412
1.584838
1.694397
1.706195
1.745133
1.720067
1.713768
1.706806
1.697279
1.735786
1.728814
1.688496
1.690236
1.673043
1.687389
1.722222
1.804196
1.652778
1.728814
1.745033
1.683849
1.74271
1.725557
1.668394
1.66494
1.783877
1.698582
1.693662
1.61512
1.706806
1.688889
1.707483
1.693662
1.763293
1.737201
1.707746
1.701906
1.655052
1.740433
1.748709
1.756364
1.655678
1.662651
1.728522
1.709402
1.751701
1.719178
1.717472
1.754885
1.726073
1.712329
1.623902
1.674336
1.71875
1.735652
1.745394
1.735343
1.74386
1.70979
1.59415
1.622449
1.747871
1.680556
1.730897
1.712204
1.672014
1.703833
1.725557
1.695035
1.779264
1.715266
1.690391
1.704626
1.705373
1.725352
1.69863
1.63864
1.793226
1.741824
1.691525
1.703959
1.680851
1.648551
1.712352
1.639286
1.705104
1.717241
1.598023
1.690972
1.67128
1.718261
1.716239
1.699482
1.597148
1.717687
1.691743
1.731449
1.72437
1.681445
1.695946
1.723077
1.67632
1.753472
1.675958
1.688889
1.651438
1.778151
1.686411
1.769492
1.689286
1.616637
1.716814
1.707401
1.65897
1.641638
1.6609
1.73494
1.731497
1.669506
1.75626
1.765517
1.683478
1.753002
1.614953
1.755172
1.684397
1.727586
1.684764
1.650685
1.68984
1.69009
1.645868
1.658703
1.686957
1.737649
1.670628
1.656743
1.670932
1.632353
1.705584
1.706897
1.781879
1.737374
1.663778
1.795571
1.717857
1.735343
1.758993
1.762309
1.688811
1.67285
1.670796
1.673111
1.704861
1.778535
1.608856
1.759036
1.727586
1.681901
1.71134
1.745331
1.772414
1.765112
1.673759
1.677643
1.762162
1.804965
1.71
1.635379
1.745975
1.623288
1.618881
1.724382
1.726465
1.685811
1.674336
1.783051
1.7888
1.689119
1.688356
1.656028
1.724258
1.666093
1.707547
1.663748
1.706577
1.68662
1.716287
1.732877
1.703959
1.635714
1.661485
1.73064
1.685121
1.750422
1.648881
1.734483
1.705373
1.729825
1.723776
1.740614
1.736111
1.757679
1.747841
1.742475
1.76699
1.774461
1.729272
1.773852
1.741935
1.68254
1.669627
1.67354
1.720848
1.703959
1.70826
1.804878
1.75
1.78157
1.69395
1.686747
1.623932
1.655172
1.748299
1.737931
1.64467
1.790507
1.672978
1.68784
1.724252
1.712305
1.704467
1.704698
1.7338
1.65493
1.669506
1.724868
1.694352
1.690756
1.719298
1.685811
1.789842
1.77551
1.663366
1.727434
1.624309
1.628319
1.631579
1.741135
1.66899
1.696459
1.756432
1.687188
1.65529
1.707826
1.677083
1.755372
1.69697
1.674912
1.682143
1.669039
1.685315
1.663265
1.764298
1.681895
1.786575
1.764298
1.634058
1.69258
1.661538
1.713287
1.723894
1.781197
1.710843
1.684982
1.739865
1.745514
1.728353
1.664384
1.696246
1.785965
1.711409
1.74
1.726316
1.692845
1.726027
1.646018
1.720539
1.664286
1.708475
1.736301
1.696649
1.701695
1.708968
1.654054
1.704698
1.802048
1.794521
1.608775
1.646655
1.68662
1.70068
1.634188
1.615108
1.68662
1.747899
1.660441
1.714286
1.798995
1.677205
1.670711
1.724258
1.779287
1.64527
1.684211
1.67098
1.731449
1.672072
1.710197
1.724739
1.730298
1.692308
1.711409
1.698582
1.773463
1.694974
1.741135
1.717813
1.731749
1.684575
1.751748
1.752151
1.627178
1.740484
1.726126
1.69147
1.707052
1.664336
1.66494
1.66494
1.766497
1.674177
1.713775
1.741259
1.709571
1.769231
1.715753
1.70979
1.676127
1.688742
1.795494
1.704584
1.677193
1.699831
1.794066
1.715254
1.640845
1.669596
1.709845
1.638734
1.643098
1.672131
1.737931
1.637011
1.740304
1.801418
1.692573
1.696552
1.738983
1.67893
1.71799
1.767123
1.675393
1.64476
1.761246
1.7
1.673267
1.661818
1.702479
1.660777
1.620387
1.658031
1.707746
1.716338
1.687943
1.759717
1.69258
1.686869
1.646853
1.685714
1.707665
1.685558
1.704861
1.720067
1.696649
1.577265
1.731922
1.708561
1.692857
1.661922
1.697279
1.747049
1.701599
1.601463
1.671329
1.645439
1.701275
1.685279
1.73638
1.724138
1.680702
1.6942
1.676056
1.636691
1.773333
1.674099
1.728873
1.664884
1.680431
1.668942
1.689713
1.654362
1.647469
1.77377
1.598592
1.661376
1.656743
1.692042
1.786207
1.746377
1.709343
1.686542
1.684028
1.668449
1.742504
1.614711
1.685315
1.642732
1.707231
1.699115
1.720466
1.689046
1.769882
1.802867
1.714789
1.634446
1.686411
1.778157
1.658451
1.757265
1.715702
1.682759
1.715789
1.586087
1.731749
1.758993
1.748299
1.755752
1.655914
1.749104
1.78087
1.669627
1.677419
1.707904
1.784566
1.710345
1.653516
1.649374
1.620209
1.755835
1.769882
1.791391
1.731449
1.76
1.648464
1.655296
1.674177
1.663158
1.754386
1.757366
1.738983
1.69
1.703204
1.667257
1.721739
1.694683
1.687822
1.614711
1.675214
1.783784
1.653979
1.620939
1.67325
1.784874
1.731618
1.704861
1.705298
1.592857
1.77102
1.636697
1.656743
1.632058
1.720848
1.796327
1.604278
1.692308
1.663265
1.737882
1.728055
1.776614
1.67474
1.686957
1.658456
1.703204
1.666068
1.694974
1.737931
1.65913
1.681109
1.713322
1.694737
1.733564
1.715266
1.646853
1.721429
1.710758
1.67474
1.73
1.622302
1.77403
1.652632
1.667263
1.611993
1.70087
1.65035
1.692042
1.62782
1.641844
1.753954
1.715771
1.685279
1.707143
1.716263
1.67803
1.671329
1.776614
1.7338
1.687943
1.64527
1.681661
1.83165
1.702703
1.70073
1.692035
1.597865
1.681159
1.675277
1.732877
1.77377
1.762478
1.721739
1.676157
1.681208
1.683478
1.702277
1.753846
1.695502
1.657439
1.703959
1.633562
1.646235
1.737762
1.790186
1.765517
1.728223
1.675302
1.657244
1.659722
1.774359
1.716724
1.744108
1.678808
1.638225
1.73057
1.707563
1.712305
1.731497
1.688172
1.669506
1.694245
1.678883
1.676976
1.731497
1.679466
1.73928
1.760141
1.631103
1.630824
1.729636
1.662692
1.75
1.690722
1.721393
1.727434
1.655172
1.676768
1.742574
1.741593
1.751261
1.69338
1.684385
1.719723
1.652632
1.647059
1.619377
1.707826
1.675393
1.687719
1.642994
1.609428
1.697793
1.720207
1.742373
1.709459
1.651865
1.699301
1.690789
1.681979
1.788194
1.680851
1.735849
1.729272
1.654189
1.687606
1.693356
1.705479
1.595782
1.734291
1.692308
1.817544
1.647687
1.7022
1.753043
1.703316
1.765125
1.684028
1.762069
1.671958
1.751278
1.72093
1.790349
1.775801
1.691756
1.69338
1.690476
1.647469
1.743056
1.619863
1.770909
1.712838
1.628571
1.640934
1.713775
1.774697
1.672913
1.665563
1.720207
1.682709
1.689594
1.717206
1.72043
1.657439
1.660177
1.757265
1.730298
1.674576
1.737705
1.641844
1.722603
1.69338
1.728696
1.751678
1.692573
1.69395
1.710197
1.709156
1.713775
1.713322
1.673111
1.638554
1.728223
1.723906
1.765734
1.707407
1.691489
1.721429
1.618538
1.712256
1.792028
1.696667
1.671186
1.682373
1.715266
1.720067
1.689949
1.748322
1.673469
1.762542
1.686207
1.623656
1.813559
1.715719
1.729097
1.68231
1.811258
1.592267
1.684764
1.736486
1.656463
1.678756
1.63986
1.723636
1.671233
1.651877
1.663653
1.711375
1.699145
1.674503
1.756849
1.745201
1.630885
1.693694
1.666667
1.716695
1.732877
1.717314
1.758007
1.706294
1.608209
1.65445
1.594356
1.761745
1.718412
1.768212
1.646847
1.761499
1.676157
1.709677
1.754513
1.683673
1.676871
1.695575
1.69697
1.702655
1.588991
1.750422
1.719178
1.645833
1.713287
1.715847
1.63964
1.70696
1.695868
1.751748
1.703436
1.644214
1.749164
1.742373
1.698774
1.710758
1.760417
1.658451
1.659051
1.705263
1.765921
1.661538
1.692308
1.808752
1.780291
1.683135
1.746087
1.601423
1.748344
1.651865
1.718166
1.731922
1.644366
1.708772
1.717687
1.606004
1.675127
1.634551
1.701754
1.741379
1.684028
1.677419
1.702422
1.699659
1.662432
1.690972
1.652495
1.7691
1.714286
1.642612
1.668896
1.728758
1.694853
1.670753
1.623902
1.635088
1.737542
1.643636
1.760797
1.72973
1.687285
1.671233
1.730375
1.698925
1.692857
1.736842
1.721311
1.801681
1.748777
1.637363
1.681574
1.629371
1.699301
1.673759
1.683837
1.732174
1.815385
1.654321
1.690685
1.670841
1.648464
1.765957
1.627306
1.701068
1.763251
1.717352
1.641638
1.642857
1.712821
1.690516
1.661765
1.680431
1.671378
1.634188
1.721854
1.65812
1.701275
1.73913
1.735027
1.622103
1.711304
1.679181
1.759322
1.751773
1.756184
1.716239
1.642857
1.752577
1.609508
1.714286
1.67632
1.635727
1.648506
1.677643
1.668412
1.665468
1.66108
1.706195
1.634446
1.73545
1.740171
1.789116
1.719178
1.754685
1.714286
1.746193
1.715789
1.674589
1.609075
1.793345
1.632432
1.659649
1.704809
1.764085
1.619863
1.661017
1.702277
1.642981
1.722121
1.624348
1.689046
1.68942
1.735343
1.637993
1.766784
1.623932
1.633157
1.651438
1.701754
1.705263
1.630508
1.755372
1.699659
1.613475
1.773852
1.656028
1.759197
1.685092
1.729272
1.718261
1.741722
1.735714
1.641997
1.621239
1.646853
1.740614
1.79115
1.744108
1.710801
1.685864
1.653916
1.684764
1.724868
1.717277
1.707826
1.65625
1.663717
1.731183
1.712821
1.634518
1.744828
1.675579
1.749559
1.70318
1.71836
1.670753
1.748744
1.651724
1.777778
1.725888
1.653846
1.688496
1.676157
1.787375
1.710758
1.709845
1.802721
1.697793
1.802908
1.710924
1.676732
1.725136
1.725424
1.696667
1.736752
1.630931
1.607509
1.777003
1.65913
1.695205
1.738411
1.694158
1.697761
1.70123
1.737762
1.706081
1.612457
1.68
1.617486
1.686667
1.684956
1.659341
1.689286
1.717314
1.683099
1.748709
1.692308
1.625213
1.756014
1.654701
1.671429
1.674256
1.714286
1.645338
1.676157
1.704202
1.768166
1.659051
1.762938
1.743682
1.683453
1.72043
1.679012
1.696629
1.662162
1.657807
1.684783
1.696028
1.710843
1.705479
1.633452
1.662566
1.679856
1.673913
1.670175
1.686341
1.685665
1.703959
1.66725
1.641379
1.791667
1.65338
1.664234
1.671743
1.751261
1.64467
1.729055
1.651282
1.694158
1.679443
1.682594
1.736568
1.760263
1.658537
1.691228
1.736301
1.748709
1.680272
1.727731
1.794872
1.69
1.6951
1.7
1.769357
1.680702
1.638734
1.658363
1.666093
1.657238
1.768595
1.663516
1.629234
1.786477
1.699482
1.712821
1.720508
1.637011
1.653979
1.702936
1.733777
1.72232
1.732143
1.690909
1.732231
1.702128
1.700516
1.647668
1.71134
1.695205
1.753794
1.65324
1.670139
1.737931
1.725086
1.715254
1.714777
1.705373
1.634058
1.746479
1.673043
1.631034
1.66899
1.663265
1.793345
1.762938
1.715789
1.71123
1.705584
1.710758
1.754579
1.734024
1.699659
1.714789
1.631229
1.71134
1.612457
1.72028
1.801012
1.74216
1.700348
1.702797
1.719298
1.70318
1.697632
1.685864
1.723549
1.626943
1.732394
1.751351
1.752182
1.707401
1.736655
1.65338
1.770723
1.742049
1.665541
1.770833
1.718213
1.742609
1.695271
1.754816
1.75089
1.740806
1.682143
1.795775
1.611208
1.726496
1.771721
1.662609
1.621053
1.663194
1.740876
1.780919
1.754325
1.660245
1.739437
1.668468
1.708703
1.758204
1.644612
1.630931
1.715302
1.693356
1.747164
1.773451
1.747368
1.795053
1.676951
1.67325
1.568773
1.699647
1.756098
1.692308
1.727116
1.727273
1.65365
1.684028
1.714286
1.7338
1.735849
1.657559
1.702564
1.713299
1.743056
1.751724
1.649737
1.75475
1.731183
1.682759
1.718696
1.720207
1.681574
1.775832
1.664311
1.659649
1.683656
1.679417
1.698246
1.585739
1.76431
1.610909
1.567273
1.690941
1.690141
1.737374
1.719595
1.678973
1.659208
1.750853
1.723077
1.584642
1.743151
1.704348
1.682432
1.608059
1.746967
1.703578
1.72117
1.69708
1.727273
1.724638
1.71912
1.676471
1.657343
1.637607
1.780034
1.709402
1.64076
1.735593
1.735192
1.75945
1.663158
1.711304
1.697183
1.721739
1.681208
1.686411
1.723183
1.677876
1.646018
1.656743
1.690141
1.550523
1.723333
1.749117
1.732888
1.732865
1.69844
1.742809
1.682482
1.565217
1.736409
1.689713
1.707904
1.705779
1.716814
1.715266
1.618375
1.698384
1.738832
1.707563
1.685714
1.703571
1.787521
1.713287
1.670796
1.777778
1.718213
1.647266
1.767918
1.656357
1.668468
1.64214
1.745133
1.686747
1.683478
1.705036
1.592593
1.67029
1.750853
1.699825
1.735294
1.711835
1.697674
1.689046
1.69338
1.73545
1.766102
1.713262
1.692029
1.67753
1.696028
1.642361
1.705686
1.724138
1.663748
1.719858
1.754622
1.670034
1.710801
1.67474
1.721008
1.712352
1.681051
1.717352
1.648115
1.614545
1.711268
1.71979
1.629503
1.790738
1.741176
1.670175
1.697509
1.670669
1.724919
1.646018
1.695652
1.709282
1.697391
1.693603
1.658273
1.757042
1.744027
1.681661
1.7
1.724138
1.608319
1.702422
1.691781
1.683673
1.61324
1.734899
1.67931
1.640068
1.760274
1.699831
1.713311
1.589474
1.72402
1.70068
1.674658
1.710758
1.702422
1.680412
1.698962
1.749153
1.678245
1.719595
1.755853
1.687708
1.686067
1.708333
1.629252
1.760274
1.688136
1.754011
1.640138
1.680272
1.6171
1.706093
1.707826
1.765921
1.732657
1.640845
1.721649
1.706093
1.694079
1.612457
1.68873
1.71875
1.701389
1.766323
1.643836
1.693086
1.702838
1.668394
1.739895
1.645833
1.651591
1.682051
1.700704
1.64794
1.634146
1.621818
1.750439
1.716724
1.695652
1.683135
1.686341
1.677966
1.684211
1.672913
1.706195
1.72695
1.67753
1.725086
1.667763
1.714789
1.699659
1.678082
1.594255
1.753425
1.647668
1.698925
1.756098
1.673043
1.669794
1.686207
1.706667
1.673759
1.673759
1.702422
1.710392
1.706195
1.586207
1.691769
1.74376
1.800664
1.658291
1.674256
1.648276
1.699831
1.636036
1.754266
1.641844
1.695886
1.73975
1.671902
1.662651
1.748299
1.688042
1.703959
1.688042
1.749129
1.777391
1.754501
1.668412
1.710438
1.671958
1.740433
1.648506
1.778151
1.739726
1.64476
1.710247
1.639731
1.768827
1.642185
1.789292
1.723661
1.663808
1.731497
1.831579
1.647482
1.694397
1.728395
1.722603
1.725888
1.728477
1.678883
1.707143
1.682805
1.65653
1.646235
1.711409
1.672535
1.716846
1.689286
1.699659
1.700516
1.688356
1.688356
1.677536
1.654577
1.721831
1.654605
1.771429
1.77193
1.613126
1.689655
1.633645
1.703578
1.75
1.675862
1.766323
1.678883
1.743945
1.683099
1.712305
1.696335
1.690722
1.680815
1.692029
1.729452
1.760399
1.764286
1.648696
1.70826
1.656846
1.652021
1.753846
1.71875
1.700348
1.733102
1.706177
1.659864
1.712204
1.674419
1.736655
1.814503
1.670711
1.726813
1.683305
1.675862
1.612565
1.724919
1.667244
1.702703
1.757785
1.680672
1.71912
1.696335
1.706081
1.712766
1.727915
1.741259
1.701107
1.728814
1.709343
1.647887
1.780069
1.731993
1.76259
1.65
1.756364
1.689046
1.711304
1.701389
1.715789
1.782245
1.690647
1.683656
1.739437
1.716695
1.644524
1.615672
1.604853
1.744027
1.611993
1.753043
1.723776
1.687719
1.624573
1.678275
1.710884
1.747405
1.829508
1.625455
1.697715
1.670628
1.677778
1.67642
1.787307
1.671642
1.714783
1.732865
1.72028
1.755672
1.7
1.667238
1.712727
1.708772
1.715232
1.724868
1.639286
1.65
1.7022
1.622222
1.822222
1.707401
1.698246
1.684575
1.66725
1.679577
1.650624
1.707401
1.720848
1.551537
1.685512
1.681507
1.814815
1.740614
1.787307
1.705373
1.723776
1.627417
1.658451
1.64539
1.731922
1.64539
1.669449
1.680961
1.715753
1.731959
1.652755
1.684397
1.79932
1.65371
1.644891
1.752577
1.793233
1.645614
1.762144
1.707231
1.668874
1.731497
1.717813
1.763478
1.757042
1.706362
1.711893
1.725888
1.724638
1.740035
1.671743
1.713274
1.759857
1.620387
1.666667
1.650519
1.748673
1.666081
1.755102
1.695205
1.746193
1.746924
1.686957
1.692833
1.702422
1.764505
1.620939
1.672414
1.727891
1.741935
1.698305
1.662651
1.631858
1.690516
1.667257
1.628518
1.770115
1.707071
1.724138
1.714286
1.585106
1.774194
1.67148
1.690685
1.674825
1.815068
1.711375
1.689046
1.666068
1.588133
1.69338
1.732174
1.79896
1.693632
1.773196
1.710247
1.649832
1.710345
1.681507
1.711475
1.673111
1.706714
1.737705
1.725217
1.698774
1.648084
1.743842
1.712785
1.693878
1.697074
1.67642
1.718696
1.756014
1.660377
1.722704
1.681319
1.723549
1.71
1.728261
1.719557
1.640411
1.714286
1.716312
1.662732
1.674099
1.726962
1.740741
1.686067
1.731993
1.72119
1.730104
1.769882
1.720137
1.642857
1.723776
1.612795
1.712281
1.708475
1.680556
1.651123
1.695502
1.762238
1.783418
1.668468
1.69844
1.668376
1.69338
1.710924
1.628722
1.640068
1.766724
1.767055
1.611215
1.688496
1.732639
1.697196
1.652632
1.663653
1.632582
1.729242
1.720354
1.678119
1.610345
1.699083
1.695804
1.683135
1.675579
1.723549
1.695804
1.686703
1.729097
1.651865
1.723133
1.629503
1.755835
1.684404
1.806667
1.77706
1.744463
1.727273
1.703072
1.703833
1.663778
1.59633
1.705566
1.769106
1.699463
1.712281
1.693356
1.688581
1.707826
1.75
1.745704
1.722222
1.725694
1.68784
1.756272
1.684391
1.68595
1.623656
1.725557
1.703959
1.703571
1.673835
1.760563
1.732419
1.785095
1.709402
1.61939
1.670753
1.65324
1.677643
1.689655
1.796053
1.8
1.768566
1.662162
1.764103
1.695726
1.789298
1.636691
1.778894
1.645051
1.712821
1.654321
1.677419
1.657244
1.670669
1.711111
1.735593
1.62807
1.649587
1.609672
1.735974
1.709402
1.674658
1.775322
1.755518
1.683871
1.784247
1.748276
1.791736
1.613718
1.652324
1.808511
1.73913
1.763158
1.740675
1.672014
1.708839
1.704467
1.735652
1.69844
1.803163
1.684764
1.724138
1.708633
1.656637
1.728522
1.713793
1.708405
1.684588
1.784983
1.706985
1.676364
1.634446
1.727749
1.745704
1.720539
1.683305
1.709516
1.665493
1.804959
1.760274
1.649485
1.727428
1.764706
1.707665
1.723519
1.641682
1.708185
1.727891
1.721101
1.766323
1.773585
1.814332
1.642612
1.639794
1.659864
1.651408
1.757983
1.679577
1.745704
1.733333
1.706195
1.683333
1.708054
1.710843
1.666075
1.718696
1.667244
1.737762
1.756944
1.656566
1.73913
1.762653
1.709343
1.717391
1.762309
1.666667
1.788732
1.659051
1.716216
1.730769
1.695035
1.713799
1.692035
1.759197
1.685315
1.611307
1.728188
1.70017
1.649819
1.64476
1.736752
1.683656
1.726619
1.649737
1.666667
1.703041
1.745819
1.698774
1.672474
1.747368
1.734043
1.69873
1.651079
1.790378
1.664179
1.670711
1.63327
1.732203
1.702128
1.74461
1.714286
1.647266
1.677193
1.705085
1.741176
1.678808
1.729549
1.797872
1.70979
1.682759
1.749577
1.699145
1.605027
1.663158
1.796954
1.755776
1.756708
1.712281
1.670753
1.735395
1.650177
1.650582
1.659051
1.650685
1.623529
1.721519
1.758389
1.666081
1.666667
1.706806
1.685092
1.701599
1.65529
1.679012
1.723077
1.671096
1.702936
1.728223
1.759162
1.693122
1.676157
1.680556
1.640845
1.702422
1.661261
1.716753
1.655417
1.69697
1.765138
1.660377
1.679339
1.645833
1.709343
1.706195
1.664407
1.733788
1.731239
1.761566
1.655766
1.691203
1.661319
1.685512
1.728353
1.635379
1.659498
1.69009
1.715315
1.729825
1.71836
1.744917
1.647887
1.633394
1.675862
1.635701
1.666667
1.670796
1.673835
1.676871
1.710623
1.731034
1.645614
1.719237
1.741722
1.639286
1.73854
1.743119
1.713787
1.69616
1.716783
1.666667
1.751332
1.77027
1.690756
1.657658
1.672788
1.729097
1.691756
1.637961
1.737705
1.752212
1.648746
1.673401
1.742268
1.686207
1.680702
1.697509
1.719413
1.76431
1.742268
1.710884
1.634446
1.760563
1.620253
1.721008
1.61658
1.737649
1.761983
1.687285
1.665468
1.826531
1.697674
1.734043
1.775168
1.626102
1.745981
1.744755
1.625874
1.680135
1.757576
1.707237
1.622222
1.688889
1.722222
1.655766
1.745201
1.755245
1.705085
1.657143
1.703704
1.691275
1.740132
1.704082
1.709402
1.743772
1.738832
1.768566
1.777778
1.669535
1.649558
1.670711
1.710297
1.711835
1.670251
1.765125
1.687188
1.649485
1.675579
1.727103
1.688663
1.746032
1.709459
1.693913
1.752182
1.694245
1.652778
1.743151
1.616299
1.743151
1.690756
1.584699
1.710197
1.753002
1.684764
1.666093
1.675214
1.678756
1.748727
1.674825
1.683274
1.733108
1.682805
1.73064
1.622449
1.751701
1.753846
1.706806
1.691781
1.627907
1.785965
1.725557
1.733813
1.736752
1.714795
1.722772
1.704918
1.685864
1.671743
1.753002
1.633752
1.704348
1.670068
1.674912
1.814503
1.739583
1.718213
1.683524
1.757265
1.753002
1.699482
1.628141
1.707826
1.76087
1.770548
1.699825
1.682883
1.644128
1.674256
1.704584
1.597865
1.615658
1.646481
1.659004
1.695035
1.667283
1.773649
1.649306
1.738832
1.756432
1.759863
1.648746
1.672913
1.766892
1.63472
1.642218
1.727575
1.714286
1.713299
1.716312
1.669506
1.697391
1.705085
1.731449
1.668966
1.686411
1.741497
1.676522
1.701695
1.670669
1.6771
1.82238
1.775087
1.671902
1.754448
1.696649
1.720207
1.795139
1.733102
1.746967
1.689594
1.665455
1.662069
1.618182
1.681818
1.672414
1.733333
1.776632
1.679144
1.704225
1.710714
1.668449
1.765921
1.727103
1.714777
1.723917
1.718543
1.635063
1.696028
1.786618
1.730018
1.701544
1.754448
1.693632
1.785595
1.688969
1.72093
1.602058
1.636364
1.663748
1.704974
1.636364
1.689594
1.648696
1.608541
1.718412
1.712803
1.716783
1.72
1.704225
1.691508
1.6609
1.769492
1.688581
1.667227
1.688581
1.65096
1.680412
1.763699
1.709156
1.628722
1.692857
1.763293
1.788194
1.697595
1.750853
1.684575
1.786078
1.727891
1.678201
1.676522
1.748727
1.675676
1.711864
1.748709
1.610435
1.624772
1.615245
1.605787
1.67632
1.781095
1.659722
1.73854
1.689594
1.732657
1.759036
1.704225
1.707665
1.72562
1.707904
1.632224
1.746881
1.694974
1.671141
1.725166
1.707826
1.636986
1.714777
1.747981
1.615251
1.678571
1.666099
1.681979
1.731092
1.672598
1.696751
1.630662
1.732174
1.681261
1.693103
1.604203
1.637037
1.714286
1.672978
1.789116
1.711679
1.702899
1.757265
1.741259
1.748727
1.705566
1.738516
1.686542
1.721739
1.674099
1.68717
1.679279
1.702899
1.736041
1.746293
1.590018
1.760141
1.637708
1.761499
1.681109
1.743243
1.673111
1.684575
1.656637
1.733102
1.662021
1.703072
1.713787
1.688889
1.673611
1.681736
1.698962
1.693662
1.666099
1.707143
1.652021
1.694444
1.641405
1.69147
1.625632
1.685121
1.632224
1.724613
1.717352
1.811847
1.642105
1.619048
1.716172
1.626527
1.718076
1.733788
1.613333
1.748322
1.74744
1.631134
1.774648
1.698384
1.754011
1.688581
1.650177
1.67931
1.655046
1.799649
1.728696
1.73494
1.658537
1.678082
1.686067
1.724613
1.765766
1.751332
1.615646
1.636678
1.764706
1.798978
1.607273
1.583051
1.738676
1.675497
1.616872
1.689189
1.704797
1.667832
1.769231
1.695946
1.686747
1.760714
1.742857
1.650847
1.762712
1.671329
1.745645
1.694683
1.706897
1.715771
1.676871
1.681445
1.759292
1.704584
1.666075
1.711443
1.62087
1.716312
1.671848
1.746835
1.684211
1.662692
1.825503
1.684397
1.75
1.697183
1.703704
1.696296
1.768166
1.675485
1.671533
1.686411
1.648551
1.718696
1.659176
1.685512
1.591398
1.739726
1.730104
1.706806
1.661538
1.697391
1.753794
1.641844
1.70017
1.720207
1.719934
1.742149
1.721768
1.701906
1.663043
1.678322
1.713761
1.695271
1.680412
1.72242
1.677632
1.691489
1.736549
1.631579
1.648276
1.704202
1.737478
1.696552
1.744027
1.683305
1.743676
1.632058
1.644524
1.661972
1.655797
1.796992
1.734426
1.726795
1.788562
1.673401
1.738255
1.695971
1.728571
1.709402
1.704809
1.635739
1.755594
1.703571
1.714286
1.684391
1.683636
1.720137
1.712329
1.666667
1.69844
1.690189
1.700535
1.687719
1.684588
1.763699
1.733788
1.714789
1.683453
1.698113
1.632509
1.677193
1.803279
1.683274
1.658887
1.754325
1.614841
1.735714
1.692573
1.681592
1.613913
1.728988
1.704974
1.681979
1.644283
1.645102
1.684575
1.600713
1.768844
1.714286
1.767521
1.713793
1.729242
1.680431
1.748366
1.775832
1.789819
1.702359
1.757282
1.706093
1.678322
1.696246
1.666062
1.657807
1.676157
1.729825
1.669596
1.705193
1.628319
1.726829
1.70068
1.677996
1.721088
1.747871
1.682927
1.717728
1.790698
1.764499
1.649374
1.753002
1.594982
1.697297
1.764511
1.711375
1.632058
1.664921
1.62963
1.716724
1.692308
1.786885
1.584055
1.672131
1.740675
1.696552
1.704861
1.625219
1.726496
1.674503
1.647446
1.72093
1.728814
1.709949
1.659498
1.735395
1.789655
1.670139
1.756522
1.707904
1.858293
1.732394
1.751313
1.680672
1.746141
1.717813
1.749104
1.767677
1.688356
1.661538
1.68984
1.7
1.69844
1.619546
1.681507
1.769363
1.702422
1.70979
1.767918
1.696459
1.670711
1.653516
1.704745
1.683099
1.72
1.738516
1.719658
1.686341
1.813875
1.708108
1.738657
1.699825
1.712281
1.770658
1.691275
1.679727
1.715266
1.75089
1.65897
1.657848
1.700813
1.6875
1.746528
1.671533
1.677083
1.772727
1.679715
1.778523
1.705686
1.716724
1.669691
1.628159
1.748691
1.655652
1.579505
1.669759
1.652174
1.661972
1.675214
1.662879
1.655518
1.683837
1.736842
1.647887
1.740351
1.74461
1.604278
1.666075
1.751313
1.641115
1.773266
1.73913
1.689895
1.659722
1.670175
1.784247
1.740806
1.723661
1.762653
1.731922
1.614213
1.742809
1.690756
1.662692
1.715771
1.724613
1.752151
1.662732
1.69338
1.64539
1.604982
1.773649
1.701439
1.625213
1.694915
1.740806
1.646853
1.740171
1.666075
1.696864
1.711268
1.708185
1.673111
1.742268
1.752688
1.679715
1.747088
1.742475
1.693086
1.703204
1.788079
1.619048
1.681356
1.697279
1.689594
1.591141
1.689949
1.751278
1.716172
1.66548
1.790541
1.667797
1.734513
1.651568
1.687389
1.668394
1.640934
1.687719
1.680141
1.780776
1.795848
1.712887
1.741294
1.782007
1.699647
1.712305
1.645439
1.708333
1.769094
1.690972
1.765517
1.709898
1.704505
1.685152
1.7557
1.75089
1.754098
1.67509
1.641379
1.746967
1.649737
1.705584
1.670175
1.709402
1.801394
1.720207
1.607706
1.763066
1.696113
1.577661
1.72069
1.742475
1.725217
1.723776
1.738382
1.726384
1.764906
1.691508
1.720137
1.672241
1.752122
1.632509
1.681261
1.691228
1.805601
1.685714
1.681742
1.644283
1.664825
1.623037
1.651724
1.691781
1.662432
1.667244
1.73357
1.655766
1.731343
1.631944
1.733108
1.728188
1.613383
1.649123
1.637383
1.713311
1.692845
1.675393
1.651206
1.717352
1.65704
1.775891
1.684397
1.720466
1.661871
1.691489
1.692308
1.699029
1.664921
1.611009
1.705263
1.679558
1.708185
1.689046
1.68231
1.646018
1.782683
1.731707
1.700176
1.652632
1.654804
1.693122
1.628472
1.704467
1.628722
1.725
1.66436
1.619744
1.729636
1.736041
1.705085
1.654054
1.65096
1.764103
1.652614
1.625
1.700165
1.742049
1.693103
1.662069
1.638376
1.64557
1.693575
1.680702
1.645868
1.721088
1.739865
1.711645
1.782313
1.710483
1.752961
1.738983
1.673043
1.727749
1.71123
1.710801
1.680556
1.617857
1.743316
1.632302
1.717647
1.758564
1.720768
1.695971
1.683849
1.731959
1.643979
1.683135
1.678201
1.568696
1.703041
1.723549
1.643885
1.690685
1.724138
1.766102
1.750439
1.694794
1.692308
1.655955
1.646447
1.604938
1.674677
1.751313
1.679339
1.708108
1.730104
1.732639
1.8
1.734483
1.708543
1.690941
1.692821
1.694683
1.684956
1.755319
1.714286
1.637993
1.720137
1.716239
1.643885
1.730185
1.692308
1.747368
1.578014
1.746193
1.651123
1.680702
1.598513
1.697279
1.626761
1.735192
1.707483
1.72437
1.703833
1.661431
1.77
1.762478
1.759197
1.773585
1.740171
1.644599
1.590278
1.672297
1.768807
1.687075
1.674419
1.788927
1.742857
1.767055
1.703041
1.695886
1.723661
1.726465
1.7338
1.636975
1.682927
1.8
1.664903
1.561939
1.685619
1.710758
1.655052
1.736041
1.695489
1.775862
1.773333
1.617747
1.705479
1.704918
1.658451
1.717857
1.696552
1.720613
1.713781
1.727891
1.760274
1.720354
1.746087
1.711375
1.676127
1.67128
1.61658
1.623288
1.669039
1.701544
1.659794
1.792422
1.688496
1.69287
1.693405
1.652803
1.72437
1.620818
1.747088
1.78843
1.671378
1.710197
1.683849
1.695804
1.680851
1.683478
1.640212
1.675302
1.7022
1.727768
1.672474
1.732877
1.679856
1.659574
1.686486
1.714749
1.656637
1.722034
1.72117
1.740876
1.778157
1.6787
1.665517
1.678082
1.681979
1.817881
1.70798
1.626335
1.712352
1.655844
1.724739
1.650519
1.697715
1.738516
1.657848
1.78456
1.701695
1.701975
1.664311
1.635135
1.648506
1.713274
1.717687
1.719723
1.711002
1.655052
1.708054
1.686833
1.684746
1.703959
1.706294
1.664286
1.75
1.705584
1.694974
1.719298
1.721429
1.700516
1.741935
1.675214
1.636986
1.745819
1.693405
1.724613
1.715771
1.679054
1.828571
1.684601
1.735537
1.724613
1.656307
1.662522
1.68547
1.682805
1.644991
1.688406
1.642105
1.751295
1.730018
1.722121
1.740614
1.70798
1.734982
1.660245
1.706985
1.777027
1.786096
1.707904
1.733102
1.722603
1.649558
1.753472
1.705151
1.70826
1.754209
1.675958
1.702797
1.71777
1.691489
1.717813
1.701975
1.724382
1.663717
1.659722
1.707665
1.656743
1.657143
1.788945
1.727915
1.686957
1.752182
1.714783
1.679856
1.621622
1.658291
1.691275
1.760135
1.71134
1.660377
1.67148
1.710392
1.733788
1.799666
1.741056
1.684211
1.80813
1.663043
1.611486
1.661074
1.719237
1.700516
1.658451
1.666093
1.688172
1.699145
1.66787
1.689655
1.744227
1.648696
1.715278
1.755853
1.692035
1.698246
1.592793
1.679012
1.663158
1.697509
1.703436
1.763251
1.706619
1.727749
1.69708
1.707665
1.775244
1.702703
1.694974
1.752613
1.71381
1.598628
1.765494
1.688356
1.695726
1.716783
1.768844
1.7022
1.621818
1.646865
1.715753
1.71777
1.678571
1.680272
1.627907
1.717647
1.72
1.615917
1.68662
1.654189
1.770548
1.650582
1.644037
1.670175
1.632582
1.690685
1.741379
1.673469
1.68
1.705779
1.663194
1.681416
1.638554
1.808081
1.738255
1.657459
1.669449
1.690647
1.667238
1.59646
1.815436
1.763864
1.758204
1.730185
1.731497
1.764706
1.775475
1.697595
1.691769
1.629234
1.712855
1.775087
1.656357
1.701031
1.700176
1.687389
1.701754
1.706093
1.74216
1.638298
1.724138
1.715254
1.742504
1.666105
1.718076
1.638842
1.664407
1.72973
1.737762
1.731449
1.696429
1.719064
