0.0
0.002299
0.0
0.0
0.002152
0.004558
0.0
0.004237
0.0
0.001042
6.02E-4
0.0
0.0
0.0
0.003494
0.0
0.0
0.002755
0.0
0.001415
0.0
0.0
0.0
0.006429
0.004371
0.002132
0.002641
0.0
0.0
0.002076
0.002471
0.0
0.0
0.0
0.001159
0.0
0.005115
0.0
0.0
0.0
0.0
0.001144
0.002534
0.0
7.67E-4
0.0
0.0
0.001022
0.002904
0.002024
0.0
0.0
0.0
0.0
0.0
0.003955
0.002101
0.0
0.002055
0.0
0.004002
0.0
0.001776
0.003723
0.00147
0.0
0.0
0.0
0.0
0.0
0.0
0.007861
0.0
0.003077
0.001031
0.002939
0.002987
0.0
0.002405
0.0
0.002268
0.0
0.007923
0.0
0.0
0.0
0.0
0.0
0.0
0.0
0.003648
0.0
0.0
0.0
0.00542
0.001014
0.0
0.009164
0.001168
0.0
0.002555
0.0
0.0
0.002176
0.0
0.003982
0.0
0.0
0.0
0.0
0.0
0.0
0.0
0.003962
0.001664
0.0
0.0
0.003808
0.0
0.001535
0.001315
0.0
0.0
0.0
0.004673
0.0
0.0
0.002627
0.0
0.002609
0.0
0.006087
0.0
0.006571
0.003704
0.0
6.39E-4
0.002199
0.0
0.006993
0.0
0.001434
0.0
0.0
0.001024
0.003788
0.0
0.0
0.002859
0.0
0.0
0.0
0.0
0.003895
0.0
0.0
0.0
0.0
0.0
0.010683
0.002722
0.005199
0.001402
0.0
0.0
0.0
0.002226
0.0
0.003697
0.0
0.002397
0.003723
0.0
0.002796
0.0
0.002258
0.00173
0.00248
0.001808
0.0
0.002992
0.0
0.00289
0.0
0.00202
0.0
0.005245
0.0
0.0
0.003855
0.003941
0.0
0.004115
0.0
0.001412
0.0
0.0
0.0
0.007881
0.004337
0.0
0.0
0.001507
0.001721
0.002622
0.002534
0.004122
0.0
0.0
0.007139
0.001144
0.001754
0.0
0.0
0.0
0.002834
0.002834
0.004266
0.0
0.0
0.0
0.006286
0.0
0.0
0.0
0.0
0.0
0.002664
0.0
0.0
8.33E-4
0.002674
0.0
0.0
0.0
0.0
0.0
0.0
0.002884
0.0
0.0
0.002429
0.002998
0.0
0.0
0.0
0.0
0.0
0.002219
0.00282
0.001447
0.0
0.0
0.0
0.007785
0.0
0.003003
0.0
0.002966
0.005828
0.006294
0.002482
0.001122
0.004975
0.00131
0.0
0.0
0.001432
0.006515
0.0
0.0
0.007513
0.0
0.0
0.003821
0.0
0.0
0.001043
0.004979
0.0
0.00789
0.0
0.0
0.002496
0.0
0.0
0.0
0.0
0.0
0.0
0.0
0.002389
0.002238
0.002381
0.003307
0.0
0.004337
0.001068
0.002409
0.0
0.002811
0.0
0.0
0.003829
0.007679
0.0
0.010753
0.002506
0.0
0.006609
0.002226
0.001311
0.004152
0.002894
0.0
0.002274
0.0
0.002166
0.001178
0.0
0.0
0.0
0.0
0.001439
0.003614
0.0
0.0
0.001136
0.0
0.0
0.002411
0.0
0.001142
0.0
0.003922
0.0
0.0
0.004924
0.002525
0.0
0.0
0.0
0.0
0.0
0.001544
0.005385
0.0
0.0
0.0
0.0
0.0
0.007034
0.0
0.0
0.0
0.0
0.0
0.005645
0.0
0.0
0.004101
0.001331
0.0
0.0
0.004112
0.002971
0.0
0.0
0.001429
0.001186
0.003842
0.0
0.0
0.00265
0.002971
0.004827
0.0
0.0
0.0
0.0
0.0
0.003889
0.002636
0.005631
0.0
0.001302
0.0
0.002425
0.0
0.0
0.009034
0.0
0.00477
0.001396
0.0
0.0
0.001384
0.0
0.0
0.0
0.004652
0.0
0.004242
0.00904
0.0
0.0
0.001394
0.0
0.0
0.0
0.0
0.0
0.0
0.0
0.0
0.00102
0.00403
0.0
0.003902
0.0
0.006919
0.0
0.0
0.0
0.0
0.002806
0.0
0.002542
0.0
0.005065
0.0
0.0
0.001081
0.002564
0.0
0.0
0.0
0.001689
0.001727
0.0
0.0
0.002655
0.0
0.0
0.0
0.002537
0.002517
0.0
0.00519
0.001457
0.0
0.0
0.003704
0.0
0.00526
0.003729
0.0
0.0
0.004101
0.0
0.0
0.006325
9.43E-4
0.001432
0.002469
0.009156
0.0
0.0
0.002476
0.001298
0.005078
0.0
9.07E-4
0.0
0.0
0.0
0.0
0.0
0.002425
0.002815
0.0
0.00135
0.0
0.0
0.001757
0.0
0.0
0.0
0.0
0.0
0.002815
0.0
0.0
0.002934
0.0
0.004909
0.0
0.0
0.0
0.0
0.001326
0.006272
0.001561
0.0
0.001442
0.0
0.0
0.0
0.0
0.0
0.0
0.0
0.002834
0.001432
0.0
0.0
0.001412
0.0
0.0
0.002601
0.005761
0.0
0.0
0.002204
0.002147
0.0
0.0
0.006272
0.0
0.0
0.0
0.005217
0.0
9.6E-4
0.004023
0.004794
0.002471
0.0
0.0
0.002573
0.0
0.00399
0.001157
0.002398
0.0
0.003345
0.0
0.001457
0.0
0.0
0.0
0.003941
4.61E-4
0.0
0.003815
0.0
0.0
0.0
0.0
0.007366
0.0
0.0
0.002879
0.00565
0.002919
0.0
0.002397
0.0
0.006279
0.003141
0.0
0.002372
0.0
0.0
0.002904
0.001475
0.0
0.0
0.0
0.0
0.002889
0.0
0.0
0.0
0.003565
0.0
0.0
0.004219
0.0
0.00727
0.0
0.0
0.0
0.0
0.00165
0.0
0.007824
0.0
0.006901
0.0
0.0
0.002521
0.0
0.0
0.002029
0.0
0.0
0.0
0.001188
0.0
0.002971
0.0
0.0
0.0
0.0
0.0
0.0
0.002315
0.005006
0.0
0.005201
0.002869
0.003582
0.0
0.003584
0.0
0.0
0.0
0.002609
0.002859
0.0
0.002555
0.005358
0.001347
0.001391
0.003587
0.002303
0.0
0.0
0.005333
0.0
0.003961
0.002698
0.003624
0.002849
0.0
0.003535
0.0
0.0
0.0
0.002859
0.0
0.0
0.0
0.0
0.0
0.0
0.001439
0.0
0.0
0.0
0.0
0.0
0.0
0.0
0.0
0.0
0.004642
0.008866
0.0
0.0
0.004337
0.0
0.002707
0.005155
0.002547
0.0
0.0
0.002815
0.001333
0.00435
0.0
0.0
0.0
0.0
0.0
0.002679
0.002504
0.0
0.0
0.005963
0.00403
0.0
0.006702
0.0
0.001488
0.0
0.001331
0.002834
0.0
0.002364
0.0
0.0
0.0
0.0
0.002582
8.9E-4
0.0
0.002586
0.0
0.0
0.0
0.0
0.003161
0.0
0.0
0.005049
0.001991
0.0
0.00498
0.0
0.0
0.003915
0.0
0.003025
0.0
0.003985
0.0
0.001302
0.002515
0.0
0.0
0.002874
0.0
0.005675
0.0
0.0
0.0
0.0
0.0
0.001073
0.003995
6.19E-4
0.0
0.0
0.001128
0.0
0.003605
0.0
0.001526
0.002609
0.002586
0.003621
0.005727
0.003614
0.00173
0.004009
0.0
0.0
0.0
0.0
0.0
0.001027
0.0
0.002889
0.0
0.0
0.0
0.0
0.0
0.0
0.0
0.0
0.0
0.008807
0.0
0.005096
0.0
0.0
0.002879
0.0
0.0
0.0
0.0
0.002528
0.005659
0.002287
0.001311
0.001042
0.0
0.0
0.003949
0.0
0.0
0.0
0.0
0.0
0.0
0.0
0.0
0.0
0.001452
0.006866
0.00151
0.00256
0.002586
0.0
0.002573
0.0
0.0
0.001521
0.001502
0.001343
0.0
0.0
0.0
0.0
0.0
0.0
9.41E-4
0.0
0.0
0.006678
0.0
0.0
0.0
0.003322
0.0
0.0
0.0
0.0
0.0
0.0
0.001439
0.003908
0.003729
0.0
0.009055
0.0
0.0
0.004072
0.0
0.0
0.003808
0.003795
0.0
0.003967
0.0
0.0
0.0
0.002762
0.001045
0.002971
0.0
0.002919
0.002796
0.007455
0.006383
0.01
0.004065
0.002971
0.0
0.001432
0.0
0.0
0.0
0.001275
0.002609
0.006433
0.0
0.002613
0.0
0.004779
0.002811
0.0
0.0
0.0
0.0
0.001196
0.0
0.0
0.002646
0.0
0.002286
0.0
0.0
0.0
0.0
0.002889
0.008123
0.0
0.004044
0.0
0.0
0.003587
9.69E-4
0.00641
0.002627
0.0
0.0
0.0
0.001701
0.002945
0.0
0.004744
0.0
0.0
0.002879
0.003064
0.0
0.004325
0.0
0.0
0.0
0.007414
0.0
0.002618
0.0
0.001302
0.0
0.0
0.0
0.0
0.003918
0.004017
0.00113
0.0
0.002864
0.0
0.0
0.006025
0.004115
0.002741
0.0
0.0
0.002467
0.001462
0.002651
0.0
0.003781
0.0
0.0
6.8E-4
0.0
0.002884
0.0
0.0
0.002759
0.004523
0.003594
0.0
0.0
0.00173
0.0
0.002636
0.0
0.0026
9.42E-4
0.001422
0.0
0.0
0.004042
0.0
0.0
0.001166
0.002105
0.0
0.004662
0.0
0.0
0.004777
0.003905
0.0
0.0
0.0
0.002405
0.0
0.0
0.0
0.0
0.004159
0.0
0.0
0.003697
0.0
0.0
0.003975
0.0
0.0
0.0
0.0
0.0
0.0
0.0
0.004862
0.004914
0.003968
0.002463
0.00223
0.0
0.0
0.0
0.0
0.0
0.0
0.0
0.0
0.001329
0.0
0.0
0.0
0.006982
0.005445
0.010453
0.0
0.002343
0.004997
0.0
0.0
0.0
0.0
0.0
0.002992
0.0
0.0
0.0
0.005777
0.003869
0.0
0.002982
0.008222
0.002369
0.0
0.0
0.005236
0.0
0.0
0.0
0.002508
0.005429
0.001293
0.002345
0.004182
0.002976
0.0
0.0
0.002914
0.0
0.0
0.0
0.004101
0.006084
0.0
0.0
0.0
0.0
0.0
0.0
0.0
0.0
0.0
0.003757
0.002655
0.004777
0.002909
0.0
0.0
0.001324
0.0
0.00519
8.35E-4
0.0
0.0
0.0
0.0
0.0
0.0
9.44E-4
0.0
0.0
0.0
0.0
0.0
0.01115
0.0
0.0
0.0
0.001297
0.0
0.0
0.0
0.0
0.0
0.008659
0.0
0.0
0.0
0.0
0.002442
0.005405
9.07E-4
0.001721
0.008952
0.0
0.002982
0.0
0.0
0.0
0.001391
0.0
0.002564
0.0
0.0
0.0
0.0
0.002971
0.0
0.0
0.0
0.0
0.0
0.002339
0.0
0.0
0.002732
0.005024
0.0
0.0
0.002311
0.0
0.003768
0.0
0.002688
0.002874
0.002604
0.0
0.001437
0.002966
0.0
0.001715
0.0
0.003488
0.0
0.0
0.00486
0.0
0.0
0.004037
0.0
0.0
0.0
0.001465
0.0
0.0
0.0
0.0
0.0
0.0
0.00241
0.004953
0.0
0.004687
0.0
0.003948
0.0
0.003729
0.0
0.0
0.0
0.00142
0.0
0.0
0.004928
0.0
0.0
0.002493
0.0
0.003697
0.0
0.0
0.0
0.0
0.0
0.0
0.00493
0.0
0.0
0.002226
0.0
0.003821
0.0
0.0
0.0
0.0
0.0
0.001258
0.002323
0.002669
0.002364
0.0
0.0
0.002869
0.0
0.0
0.0
0.0
6.21E-4
0.0
0.0
0.0
0.0
0.001483
0.00147
0.0
0.0
0.005931
0.007056
0.0
0.0
0.001701
9.9E-4
0.0
0.0
0.0
0.0
0.002519
0.004558
0.0
0.0
0.0
0.0
0.002815
0.0
0.0
0.0
0.003549
0.0
0.0
0.0
0.0
0.002508
0.0
0.0
0.0
0.0
0.0
0.0
0.001333
0.002438
0.0
0.0053
0.0
0.0
0.003995
0.0
0.0
0.0
0.0
0.0
0.0
0.0
0.0
0.0
0.0
0.002646
0.003685
0.0
0.001083
0.001566
0.0
0.001485
0.0
0.0
0.0
0.002492
0.0
0.0
0.0
0.002825
0.003948
0.0
0.0
0.0
0.0
0.0
0.0
0.002381
0.005405
0.0
0.004297
0.0
0.0
0.0
0.0
0.001149
0.002564
0.0
0.006993
0.003757
0.0
0.002834
0.007362
0.0
0.001384
0.0
0.0
0.0
0.0
0.004137
0.0
0.002307
0.004227
0.0
0.0
0.0
0.0
0.0
0.0
0.0
0.0
0.0
0.0
0.002442
0.0
0.0
0.002349
0.0
0.002834
0.0
0.0
0.0
0.003723
0.0
0.002397
0.0
0.004914
0.0
0.005973
0.005034
0.0
0.0
0.001404
0.0
0.0
0.001066
0.002577
0.0
0.00585
0.0
0.0
0.0
0.0
0.0
0.006821
0.0
0.0
0.003955
0.0
0.003627
0.011245
0.0
0.0
0.001538
9.98E-4
0.004394
0.0
0.0
0.0
0.0
0.0
0.0
0.0
0.003599
0.0
0.0
0.0
0.001705
0.005132
0.0
0.0
0.00541
0.002573
0.0
0.00225
0.0
0.0
0.0
0.002506
0.0
0.0
0.0
0.005181
0.004286
0.0
0.0
0.002762
0.0
0.0
0.002955
0.0
0.0
0.00742
0.0
0.002303
0.003777
0.0
0.003523
0.0
0.0
0.001034
0.0
0.002796
0.0
0.0
0.0
0.0
0.007219
0.0
0.0
0.002604
0.002551
0.002577
0.0
0.0
0.002104
0.0
0.001049
0.003665
0.0
0.0
0.004762
0.0
0.0
0.002311
0.0
0.0
0.002341
0.0
0.0
0.002646
0.002541
0.0
0.003968
0.00413
0.004079
0.0
0.0
0.0
0.0
0.0
0.001042
0.003679
0.002939
0.0
0.0
0.002108
0.002909
0.0
0.0
0.002595
0.0
0.0
0.0
0.00413
0.0
0.0
0.003891
0.001062
0.003742
0.0
0.0
0.003086
0.0
0.00423
0.0
0.0
0.003848
0.0
0.00275
0.0
0.003949
0.0
0.003935
0.002327
0.0
0.002582
0.0
0.0
0.0
0.0
0.0
0.004446
0.0
0.00403
0.002854
0.0
0.0
0.0
0.002879
0.001124
0.007172
0.0
0.011385
0.001773
0.0
0.002076
0.0
0.0
0.0
0.005758
0.0
0.001142
0.0
0.0
0.003876
0.002199
0.001396
0.0
0.0
0.004189
0.0
0.0
0.003768
0.002811
0.0
0.002427
0.003611
0.005155
9.38E-4
0.0
0.002914
0.0
0.0
0.0
0.005889
0.002649
0.0
0.0
0.0
0.0
0.001812
0.0
0.0
0.0
0.0
0.001045
0.0
0.0
0.0
0.0
0.00117
0.00386
0.0
0.00282
0.0
0.0
0.0
0.0
0.0
0.00423
0.002679
0.0
0.0
0.001403
0.0
0.001712
0.0
0.002573
0.006279
7.14E-4
0.003775
0.0
0.006514
0.003855
0.0
0.006791
0.001447
0.0
0.0
0.002214
0.0
0.0
0.0
0.002381
0.002894
0.004122
0.004122
0.0
0.0
0.0
0.0
0.0
0.0
0.001718
0.004762
0.0
0.003922
0.002894
0.0
0.0
0.005345
0.001698
0.002242
0.007812
0.0
0.006631
0.007965
0.0
0.0
0.002719
0.0
0.0
0.0
0.0
0.002467
0.004444
0.0
0.001223
0.0
0.0
0.002484
0.0
0.001128
0.0
0.0
0.001142
0.0
0.009155
0.0
0.0
0.0
6.49E-4
0.0
0.0
0.0
0.0
0.006826
0.0
0.0
0.003629
0.0
0.002275
0.0
0.002126
0.002587
0.0
0.001113
0.0
0.0
0.0
0.0
0.002256
0.004101
0.005396
0.0
0.0
0.0
0.0
0.0
0.0
0.0
0.0
0.0
0.0
0.0
0.0
0.005747
0.002541
0.001214
0.001308
0.0
0.001195
0.0
0.002586
0.002484
0.0
0.0
0.001692
0.0
0.002746
0.0
0.0
0.003558
0.003876
0.001845
0.0
0.002176
0.0
0.005872
0.003611
0.0
0.0
0.0
0.002501
0.0
0.0
0.0
0.003575
0.0
0.0
0.0
0.001512
0.0
0.00253
0.0
0.00545
0.004037
0.0
0.004403
0.0
0.003629
0.004959
0.0
0.0027
0.0
0.0
0.002698
0.002869
0.0
0.001034
0.003635
0.0
0.002889
0.0
0.004843
0.002525
0.003646
0.01138
0.0
0.006071
0.001786
0.0
0.002143
0.0
0.0
0.003003
0.0
0.001475
0.0
0.0
0.0
0.0
0.0
0.0
0.0
0.0
0.006034
0.001015
0.002319
0.008408
0.0
0.0
0.0
0.0
0.0
0.005507
0.003982
0.0
0.0
0.002994
0.002762
0.002429
0.0
0.0
0.0
0.0
0.0
0.0
0.0
0.00506
0.0
0.0
0.0
0.001161
0.007697
0.004144
0.0
0.002291
0.0
0.00256
0.0
0.0
0.0
0.0
0.0
0.0
0.0
0.004016
0.0
0.0
0.0
0.003654
0.0
0.0
0.0
0.0
0.0
0.002501
0.0
0.001054
0.002899
0.0
0.0
0.0
0.0
0.00167
0.004091
0.002613
0.0
6.52E-4
0.002837
0.0
0.002409
0.007427
0.003697
0.0
0.002553
0.0
0.0
0.0
0.0
0.003671
0.0
0.008585
0.004216
0.00839
0.0
0.0
0.002521
0.0026
0.0
0.002173
0.002569
0.002927
0.0
0.002405
0.0
0.0
0.0
0.0
0.0
0.001721
0.003019
0.0
0.003842
0.003757
0.0
0.002083
0.0
0.0
0.007358
0.0
0.003723
0.0
0.0
0.005409
0.0
0.005068
0.0
0.002849
0.0
0.0
0.0
0.002909
0.002864
0.0
0.003666
0.0
0.001007
0.0
0.002604
0.0
0.003523
0.002874
0.0
0.001033
0.0
0.0
0.006384
9.82E-4
0.002879
0.0
0.0
0.001396
0.0
0.002417
0.002801
0.0
0.002226
7.5E-4
8.26E-4
0.0
0.003576
0.001422
0.001779
0.001701
0.0
0.005193
0.004115
0.0
0.0
9.91E-4
0.002613
0.0
0.0
0.0
0.006204
0.002123
0.002324
0.004805
0.005291
0.0
0.0
0.002899
0.0
0.0
0.0
0.003659
0.0
0.002768
0.001054
0.0
0.002982
0.005367
0.002844
0.0
0.0
0.001698
0.005068
0.0
0.003602
0.002176
0.0
0.0
0.0
0.0
0.001499
0.00924
0.0
0.0
0.0
0.0
0.0
0.003665
0.0
0.0
0.0
0.0
0.002879
0.0
0.00413
0.0
0.002541
0.005101
0.0
0.0
0.0
0.0
0.0
0.0
0.0
0.0
0.002914
0.002521
0.001394
0.006932
0.002173
0.002195
0.00295
0.0
0.0
0.003975
0.008449
0.007745
0.0
0.0
0.0
0.001736
0.0
0.0
0.0
0.0
0.002467
0.0
0.002547
0.0
0.0
0.004002
0.001295
0.002622
0.0
0.0
0.0
0.0
0.0
0.0
0.002471
0.0
0.0
0.0
0.0
0.004983
0.0
0.0
0.0
0.004174
0.0
0.0
0.006932
0.0
0.002184
0.0
0.0
0.0
0.002971
0.0
0.002295
0.002122
0.0
0.0
0.002703
0.00212
0.0
0.0
0.0
0.0
0.002904
0.0
0.002929
0.0
0.003611
0.0
0.0
0.00692
0.003673
0.004027
0.004219
0.0
0.0
0.002764
0.002595
0.0
0.0
0.0
0.0
0.0
0.002698
0.0
0.0
0.0
0.002038
0.002606
0.001432
0.0
0.0
0.0
0.0
0.001459
0.002583
0.0
0.0
0.0
0.0
0.0
0.0
0.00806
0.0
0.0
0.0
0.0
0.0
0.0
0.007401
0.0
0.005635
0.005507
0.002752
0.0
0.00256
0.004108
0.002613
0.0
0.0
0.003187
0.00403
0.002755
9.06E-4
0.002976
0.0
0.0
0.0
0.0053
0.0
0.003885
0.0
0.001064
0.0
0.004212
0.0
0.0
0.0
0.0
0.0
0.001452
0.0
0.0
0.003678
0.0
0.0
0.0
0.0
0.0
0.0
0.0
0.0
0.001799
0.0
0.003835
0.00282
0.0
0.0
0.005155
0.007125
0.0
0.003941
0.0
0.0
0.0
0.0
0.0
0.002636
0.001686
0.0
0.005208
0.0
0.0
0.005049
0.0
0.0
0.006536
0.002595
0.0
0.0
0.0
0.0
0.0
0.00296
0.003908
0.0
0.001452
0.0
0.0
0.0
0.0
0.003019
0.004051
0.0
0.0
0.0
0.0
0.0
0.0
0.002604
0.0
0.0
0.002859
0.002591
0.0
0.001656
0.0
0.0
0.0
0.0
0.0
0.0
0.0
0.005405
0.0
0.0
0.0
0.002976
0.0
0.0
0.0
0.0
0.0
0.0
0.0
0.0
0.0
0.003881
0.006632
0.0
0.001172
0.00106
0.0
0.0
0.002459
0.0
0.0
0.0
0.0
0.0
0.011441
0.002929
0.0
0.0
0.001757
0.003697
0.0
9.98E-4
0.004281
0.0
0.003153
0.0
0.003025
0.0
0.0
0.0
0.002352
0.00177
0.001324
0.005605
0.0
0.003889
0.0
0.0
0.002164
0.002347
0.002815
0.0
0.002667
0.0
0.0
0.0
9.48E-4
0.0
0.0
0.002215
0.0
0.004019
0.0
0.002864
0.0
0.0
0.0
0.004086
0.002465
0.0
0.0
0.002646
0.0
0.0
0.001232
0.0
0.0
0.0
0.001786
8.36E-4
0.004258
0.0
0.0
0.0
0.0
0.0
0.0
0.002899
0.0
0.00636
9.59E-4
0.0
0.001706
0.003654
0.0
0.0
0.003922
0.0
0.0
0.0
0.001027
8.35E-4
0.0
5.16E-4
0.0
0.005208
0.0
0.004545
0.0
0.003838
0.006443
0.004456
0.005605
0.0
0.0
0.0
0.0
0.0
0.0
0.001193
0.0
0.0
0.004408
0.0
0.001149
0.006143
0.0
0.003599
0.0
0.004737
0.003433
0.0
0.003775
0.0
0.0
0.005181
0.0
0.002577
0.001462
0.001007
0.004051
0.0
0.0
0.006562
0.0
0.004963
0.0
0.00266
0.003975
0.0
9.15E-4
0.002083
0.003928
0.003895
0.0
0.003922
0.0
0.001727
0.0
0.002335
0.001401
0.003107
0.003935
0.005208
0.005627
0.0
0.0
0.0
0.002551
0.0
0.0
0.0
0.0
0.0
0.0
0.0
0.004729
0.002086
0.0
0.005487
0.0
0.001692
0.002442
0.008949
0.002245
0.0
0.0
0.0
0.002701
0.004378
0.005149
0.005432
0.003036
0.0
0.0
0.0
0.001313
0.001427
0.006827
0.0
0.0
0.0
0.0
9.04E-4
0.006513
0.00296
0.0
0.006833
0.004065
0.0
0.0
0.002497
0.001526
0.0
9.4E-4
6.41E-4
0.002622
0.0
0.0
0.0
0.0
0.0
0.0
0.0
0.004959
0.0
0.0
0.002568
0.002613
0.001444
0.001015
0.004072
0.0
0.0
0.002646
0.0
0.0
0.0
0.006519
0.001502
0.0
0.0
0.0
0.0
0.0
0.0
0.002108
0.0
0.002509
0.0
0.001401
0.007746
0.0
0.0
0.0
0.0
0.0
0.0
0.0
0.002188
0.0
0.002622
0.003989
0.002573
0.0
0.003047
0.002945
0.006355
0.002849
0.002555
0.001432
0.0
0.002849
0.0
0.0
0.0
0.0
0.002627
0.002439
0.0
0.0
0.004127
0.0
0.0
0.0
0.0
0.001153
0.003697
0.0
0.0
0.002844
0.0
0.002381
0.0
0.002488
0.0
0.005797
0.0
0.0
0.007683
0.001058
0.0
0.0
0.0
0.0
0.0
0.0
0.0
0.0
6.41E-4
0.0
0.0
0.0
0.001153
0.003255
0.00265
0.0
0.0
0.0
0.002689
0.001409
0.0
0.0
0.00283
0.0
0.002527
0.002123
0.008757
0.0
0.003619
0.0
0.0
0.0
0.003895
0.0
0.00352
0.0
0.0
0.0
0.001454
0.0
0.002641
0.0
0.0
0.0
0.002372
0.003983
0.0
0.0
0.0
0.0
5.78E-4
0.003697
8.36E-4
0.0
0.0
0.0
0.00403
0.0
0.0
0.002497
0.0
0.0
0.0
0.0
0.0
0.002337
0.0
0.0
0.002564
0.0
0.001427
0.0
0.0
0.0
0.002884
0.00829
0.00142
0.0
0.002278
0.0
0.0
0.0
0.0
0.003716
0.003529
0.004072
0.00121
0.002998
0.0
0.0
0.0
0.001124
0.008422
0.0
0.0
0.0
0.003723
0.002945
0.001025
0.0
0.0
0.001174
0.0
0.0
0.0
0.0
0.0
0.0
0.003935
0.0
0.0
7.27E-4
0.003081
0.006344
0.003019
0.002555
0.003742
0.0
0.002517
0.007629
0.00256
0.002627
0.0
0.0
0.002542
0.0
0.004079
0.0
0.005171
0.0
0.0
0.00251
0.0
0.002369
0.0
0.0
0.0
0.0
0.0
0.004037
0.0
0.0
0.006821
0.0
0.0
0.005517
0.00591
0.0
0.001739
0.002568
0.0
0.001437
0.0
0.0
0.006472
0.0
0.002488
0.0
0.0
0.0
0.003742
0.0
0.0
0.0
0.003041
0.0
0.0
0.012956
0.00296
0.00101
0.0
8.77E-4
0.0
0.001352
0.0
0.0
0.00114
0.0
0.0
0.002476
0.0
0.0
0.0
0.002669
0.0
0.0
0.0
0.0
0.0
0.0
0.002622
0.011583
0.0
0.0
0.0
0.0
0.0
0.0
0.0
0.0
0.0
0.0
0.001427
0.0
0.00805
0.0
0.002353
0.0
0.0
0.0
0.0
0.0
0.004051
0.0
0.0
0.0
0.0
0.0
0.0
0.002595
0.002764
0.003658
0.0
0.002591
0.001664
0.001727
0.0
7.28E-4
0.001825
0.0
0.0
0.004951
0.0
0.0
0.0
0.001773
0.007074
0.0
0.00483
0.0
0.0
0.0
0.004555
0.003995
0.0
0.00134
0.0
0.0
0.004874
0.0
0.0
0.0
0.0
0.005665
0.0
0.003828
0.0
0.0
0.0
0.004174
0.0
0.0
0.0
0.003995
0.006066
0.0
0.0
0.0
0.003915
0.002385
0.0
0.005528
0.003736
0.00371
0.002955
0.0
0.004227
0.0
0.002278
0.001359
0.0
0.008105
0.0
0.0
0.002456
0.0
0.0
0.004108
0.0
0.003908
0.002134
0.003778
0.0
0.00598
0.0
0.00751
0.0
0.003646
0.0
0.0
0.0
7.5E-4
0.004713
0.0
9.86E-4
0.001405
0.0
0.00591
0.0
0.0
0.002864
0.002573
0.003762
0.004094
0.0
0.0
0.0
0.0
0.005682
0.003623
0.00283
0.0
0.0
0.002909
0.003477
0.004079
0.0
9.41E-4
0.002904
0.005208
0.0
0.003003
0.002175
0.0
0.006429
0.001792
0.009541
0.0
0.0
0.0
0.0
0.0
0.00263
0.00542
0.0
0.0
0.00255
0.0
0.003075
0.002385
0.006453
0.005576
0.0
0.0
0.004216
0.002646
0.003948
0.001457
0.0
0.0
0.003041
0.0
0.005025
8.4E-4
0.0
0.0
0.0
0.002595
0.002411
0.0
0.0
0.002591
0.0
0.0
0.0
0.0
0.0
0.001429
0.002052
0.0
0.001017
0.0
0.002145
0.0
0.002385
0.001754
0.0
0.003623
0.002211
0.0
0.0
0.004101
0.0
0.0
0.0
0.001338
0.002864
0.0
0.0
0.0
0.004101
0.0
0.00282
0.003599
0.003939
0.0
0.0
0.005102
0.0
0.0
0.0
0.001346
0.0
0.002493
0.0
0.0
0.001483
0.002919
0.001403
0.002519
0.0
0.00141
6.7E-4
0.004523
0.001064
0.0
0.001079
0.0
0.001979
0.0
0.0
0.0
0.002982
0.006667
0.0
0.0
0.002839
0.0
0.0
0.0
0.0
0.002226
0.0
0.003995
0.0
0.003593
0.002864
0.003723
0.0
0.0
0.002454
0.002555
0.0
0.0
0.001022
0.002998
0.004016
0.0
0.0
0.004348
0.0
0.0
0.00236
0.001437
0.003988
0.0
0.0
0.0
0.002752
0.0
0.0
0.0
0.0
0.0
0.0
0.002319
0.0
0.001015
0.004051
0.0
0.0
0.0
0.00241
0.0
0.0
0.002264
0.001051
0.0
0.001124
0.0
0.002547
9.92E-4
0.0
0.0
0.002613
0.0
0.004444
0.0
6.15E-4
0.002792
0.003614
0.008485
0.002347
0.0
0.005042
0.0
0.001462
0.0
0.005889
0.0
0.008395
0.0
0.001462
0.0
0.00828
0.0
0.0
0.0
0.0
0.0
0.0
0.0
0.0
0.0
0.0
0.0
0.0
0.0
0.001454
0.00102
0.002546
0.0
0.003539
0.003571
0.0
0.0
0.0
0.004181
0.0
0.0
0.0
0.0
0.0
0.0038
0.002551
0.0
0.002309
0.002184
0.002622
0.0
0.0
0.001712
0.001007
0.0
0.003575
0.0
0.001657
0.0
0.0
0.001454
0.007631
0.0
0.0
0.0
0.0
0.0
0.001134
0.001538
0.002176
0.002894
0.0
0.0
0.0
0.0
0.002398
0.0
0.00703
0.0
0.0
0.001168
0.0
0.0
0.004058
0.0
6.48E-4
0.0
0.0
0.002854
0.0
0.00118
0.003697
0.0
0.0
0.0
0.0
0.0
0.002473
0.0
0.007638
0.003621
0.0
0.002417
0.003968
0.0
0.004289
0.005556
0.0
0.0
0.002904
0.002874
0.002161
0.002627
0.0
0.0
0.0
0.0
0.001371
0.0
0.002245
0.0
0.005201
0.0
0.0
0.002825
0.0
0.0
0.0
0.0
0.0
0.002742
0.004122
0.0
0.0
0.001779
0.0
9.01E-4
0.0
0.0
0.001302
0.0
0.005164
0.0
0.005272
0.0
0.002722
0.0
0.002397
0.0
0.0
0.0
5.37E-4
0.00283
0.002586
0.0
0.0
0.005291
0.002934
0.004009
0.0
0.0
0.002582
0.0
0.0
0.0
0.004108
0.002214
0.0
8.49E-4
0.0
0.0
0.008437
0.002945
0.0011
0.0
5.44E-4
9.49E-4
0.0
0.001329
0.0
0.0
0.0
0.0
0.0
0.005269
0.0
0.002869
0.006957
0.0
0.0
0.002655
0.0
0.004983
0.0
0.005081
7.7E-4
0.0
0.0
0.0
0.00767
0.0
0.0
0.001293
0.0
0.0
0.002551
0.0
0.005789
0.001106
0.0
0.0
0.0
0.0
0.0
0.002728
0.0
0.0
0.002679
0.0
0.004122
0.0
0.006098
0.0
7.5E-4
0.0
0.0
0.0
0.001704
0.007324
0.002476
0.005282
0.002849
0.0
0.0
0.002934
0.003697
0.001095
0.003941
0.002455
0.005164
0.0
0.0
0.0
0.002676
0.0
0.004101
0.0
0.0
0.0
0.003762
0.0
0.002679
0.0
8.98E-4
0.0
0.0
0.0
0.002582
0.0
0.002825
0.0
0.005441
0.004065
0.0
0.0
0.011802
0.002849
0.0
0.0
0.0
8.58E-4
0.002482
0.0
0.0
0.002547
0.002595
0.001669
0.001761
0.0
0.0
0.0
0.0
0.0
0.0
0.001138
0.003925
0.00265
8.79E-4
0.0
0.0
0.0
0.0
0.002586
0.0
0.00151
0.001465
0.005172
0.0
0.0
0.005536
0.002595
0.0
0.00112
0.003648
0.0
0.0
0.003801
0.0
0.002646
0.0
0.00112
0.0
0.0
0.002246
0.0
0.005415
0.0
0.0
0.0
0.0
0.0
0.0
0.0
0.0
0.0
0.0
0.002513
0.0
0.0
0.0
0.009753
0.0
0.005464
0.0
0.0
0.002664
0.0
0.0
0.0
0.0
0.00275
0.0
0.0
0.00113
0.001322
9.72E-4
0.0
0.002586
0.00403
0.004023
0.0
0.002722
0.0
0.0
0.0
0.002801
0.0
7.5E-4
0.002147
0.0
0.0
0.002757
0.004886
0.002564
0.002397
0.0
0.0
0.0
0.0
0.002311
0.0
0.0
0.0
0.0
0.0
0.007284
0.0
0.0
0.001767
0.0
0.005155
0.0
0.0
0.0
0.003883
0.002534
0.0
0.0
0.0
6.77E-4
0.0
0.0
0.0
9.69E-4
0.0
0.003704
0.002967
0.001467
0.001733
0.004002
0.0
0.003918
0.003915
0.002215
0.0
0.0
0.009011
0.0
0.006821
0.0
0.001825
9.75E-4
0.0
0.0
8.53E-4
0.0
0.003092
0.002547
0.0
0.002401
0.002722
0.002162
0.0
0.001166
0.005583
0.0
0.0
0.0
0.0
0.0
0.006667
0.0
0.0
0.009969
0.0
0.0
0.0
0.002712
0.0
0.0
0.0
0.004202
0.002849
0.006838
0.0
0.0
0.0
0.0
0.0
0.0
0.0
0.002434
0.0
0.010596
0.004932
0.002401
0.001256
0.001733
0.006586
0.0
0.002606
0.004167
0.002869
0.0
0.004452
0.003025
0.001434
0.0
0.0
0.008159
0.0
0.0
0.0
0.0
0.0
0.0
0.0
0.002401
0.0
0.0
0.0
0.007843
0.0
0.0
0.002328
0.0
0.0
0.0
0.006326
0.0
0.002959
0.004137
0.0
0.0
0.0
0.002618
0.003623
0.0
0.002669
0.0
0.0
0.002421
0.0
0.0
0.0
0.0
0.0
0.001412
0.0
0.007801
0.001472
0.001721
0.002636
0.002708
0.007847
0.0
0.0
0.001038
0.0
0.0
0.002622
0.0
0.002796
0.003813
0.0
0.0
0.0
0.001437
0.0
0.0
0.0
0.0
0.001773
0.0
0.0
0.003503
0.0
0.002311
0.0
0.0
0.0
0.00177
0.0
0.003757
0.0
0.0
0.0
0.0
0.0
0.0
0.002509
0.0
0.005155
0.003815
0.010591
0.0
0.005226
0.001712
0.0
0.002488
0.005348
0.0
0.002484
0.0
0.0
0.0
0.0
0.012232
9.66E-4
0.0
0.0
0.0
0.0026
0.002471
0.0
0.0
0.0
0.003376
0.0
0.0
0.0
0.0
0.0
0.0
0.005217
0.0
0.0
0.0
0.0
0.0
0.002688
0.0
0.0
0.0
0.003762
0.0
5.1E-4
0.0
0.0
0.0
0.003047
0.0
0.001427
0.002799
0.003641
0.002595
0.0
0.0
0.006017
0.001733
0.0
0.0
0.003599
0.0
0.0
0.00207
0.002675
0.006284
0.002102
0.001201
0.00262
0.0
0.0
0.006475
0.0
0.0
0.0
0.002568
0.0
0.00223
0.0
0.002632
0.00283
0.0
0.0
0.006498
0.002377
0.005051
0.005963
0.005645
0.003855
0.0
0.007324
0.0
9.92E-4
0.0
0.0
0.0
0.0
0.006528
0.0
0.003869
0.0
0.0
0.002966
0.0
0.002226
0.0
0.001005
0.00413
0.0
0.0
0.001003
0.004101
0.0
0.0
0.0
0.0
0.0
0.0
0.0
0.0
0.002191
0.002591
0.0
0.0
8.62E-4
0.0
0.0
0.002226
0.0
0.005326
0.0
0.0
0.002438
0.0
0.002465
0.0
0.0
0.0
0.001409
0.009921
0.0
0.004002
0.00256
0.0
0.0
0.002732
0.0
0.0
0.002924
0.00295
0.0
0.0
0.006713
0.002787
0.0
0.0
0.0
0.0
0.0
0.0
0.0
0.001427
0.001145
0.0
0.002517
0.002904
0.002532
0.0
0.0
0.002546
0.002538
0.002463
0.0
0.001422
0.004037
0.0
0.002286
0.0
0.001111
0.001263
0.0
0.0
0.002622
0.0
0.0
0.0
0.0
0.002849
0.0
0.0
0.005282
0.0
0.0
0.0
0.001109
0.003594
0.0
0.002226
0.002135
0.002471
0.002976
0.006838
0.0
0.004916
0.0
0.0
0.0
0.0
0.0
0.0
0.0
0.003939
0.002595
0.0
0.0
0.0
0.0
0.0
0.0
0.0
0.005309
0.005234
0.0
0.0
0.002287
0.003791
0.002982
0.0
0.0
0.0
0.0
0.0
0.0
0.001203
0.0
0.0
0.0
0.00208
0.0
0.0
9.01E-4
0.0
0.002758
0.0
0.002787
0.00389
0.0
0.0
0.0026
0.001491
0.0
0.0
0.004209
0.003869
0.0
0.0
0.003855
0.001384
0.001462
0.00303
0.003443
0.002303
0.0
0.0
0.002966
0.0
0.0
0.0
0.0
0.002764
0.0
0.0
0.004611
0.0
0.0
0.002173
0.0
0.0
0.0
0.005737
0.001427
0.0
0.0
0.002369
0.006051
0.003025
0.00371
0.006164
0.0
0.0
0.0
0.001147
0.0
0.003828
0.0
0.0
0.0
0.0
0.002586
0.0
0.0
0.003989
0.002508
0.0
0.004983
0.004058
0.001284
0.0
0.003666
0.002331
0.0
0.0
0.0
0.0
0.003123
0.004009
0.0
0.0
0.003883
0.004122
0.002909
0.00223
0.0
0.0
0.00177
0.0
0.006926
0.0
0.006497
0.0
0.0
0.0
0.003086
0.0
7.36E-4
0.0
0.0
0.0
0.004072
0.0
0.005075
0.001295
0.006845
0.0
0.003602
0.0
0.0
0.0
0.004058
0.0
0.004101
0.0
0.003941
0.001515
0.0
0.004281
0.005146
0.0
0.0
0.003775
0.0
0.001183
0.0
0.0
8.07E-4
0.0
0.0
0.0
0.002679
8.74E-4
0.0
0.001066
0.0
0.0
0.0
0.002282
0.0
0.002203
0.002509
0.003406
0.003747
0.004242
0.0
0.002618
0.0
0.005146
0.002834
0.0
0.0
0.0
0.0
0.001449
0.0
0.0
0.0
0.0
0.0
0.0
0.002874
0.0
0.001739
0.00413
0.001408
0.002622
0.006749
0.004737
0.0
0.007881
0.0
0.0
0.0
0.003635
0.0
6.43E-4
0.0
0.0
0.002165
0.001119
0.0
0.001387
0.0
0.004108
0.0
0.0
0.002945
0.0
0.0
0.0
0.006133
0.0
0.0
0.0
0.0
8.53E-4
0.002513
0.0
0.002992
0.0
0.0
0.0
0.0
0.0
0.002889
0.004152
0.0
0.005787
0.0
0.0
0.0
6.68E-4
0.0
0.001783
0.0
0.002409
0.0
0.0
0.0
0.0
0.004204
0.0
0.0
0.0
0.003288
0.0
0.002764
0.006519
0.002525
0.002641
0.003641
0.0
0.0
0.004094
0.0
0.0
0.0
0.0
0.0
0.003605
0.002297
7.3E-4
0.0
0.001452
0.002595
0.0
0.0
0.001432
0.0
0.002655
0.001313
0.001733
0.0
0.0
0.001289
0.0
0.002315
0.0
0.001218
0.002577
0.0
0.002534
0.0
0.002622
0.002129
0.001322
0.0
0.002578
0.0
0.0
0.0
0.0
0.001382
0.0
0.0
0.001751
0.002534
0.006969
0.00295
0.0
0.003941
0.0
0.0
0.005291
0.0
0.0
0.0
0.003416
0.0
0.0
0.0
0.0
0.002792
0.0
0.00385
0.0
0.0
0.001128
0.003212
0.002582
0.002184
0.006932
0.0
0.0
0.001434
0.003458
0.0
0.003743
0.006081
0.0
0.002811
0.0
0.001442
0.0
0.0
0.001647
9.11E-4
0.0
0.00118
0.003697
0.004281
0.003775
0.00113
0.003882
0.0
0.0
0.00255
0.0
0.001715
0.003768
0.0
0.0
0.0
0.002595
0.002138
0.0
0.0
0.002331
0.0
0.0
0.0
0.002618
0.0
0.0
0.0
0.0
0.0
0.0
0.0
0.0
0.0
0.002641
0.002517
0.002211
0.0
0.002368
0.0
0.0
0.004037
0.0
0.002508
0.006845
0.002488
0.001425
0.0
0.002017
0.0
0.002874
8.52E-4
0.0
0.0
0.001783
0.001042
0.0
0.0
0.002904
0.00639
0.005396
0.0
0.0
0.001736
0.002646
0.0
0.0
0.0
0.002904
0.0
0.0
7.6E-4
0.0
0.0
0.003736
0.0
0.007724
0.0
0.002844
7.48E-4
0.0
0.002034
0.008874
0.001686
0.0
0.005685
0.0
0.0
0.002894
0.003868
0.002919
0.002049
0.0
0.0
0.0
0.007826
0.0
0.005226
0.002759
0.0
0.0
0.0
0.0
0.0
0.003805
0.0
0.006193
0.0
0.0
0.00173
0.006607
0.005111
0.0
0.002184
0.0
0.0
0.002778
0.004094
0.0
0.002595
0.004401
0.0
0.0
0.010261
0.001311
0.002418
0.005809
0.001812
0.005396
0.001038
0.0
0.001373
0.0
0.004655
0.00248
0.0
0.0
0.009664
0.0
0.0
0.0
0.0
0.0
0.0
0.0
0.0
0.00265
0.004086
0.0
0.002268
0.0
0.005917
0.002422
0.002295
0.002275
0.0
0.0
0.0
0.0
0.002331
0.002534
0.0
0.00519
0.001712
0.0
0.0
0.0
0.0
0.0
0.0
0.0
0.0
0.0
0.0
0.004079
0.0
0.0
0.002373
0.001384
0.001698
0.007174
0.001422
0.002173
0.003995
0.002577
0.002077
0.002504
0.002162
0.002604
0.0
0.0
0.003928
0.004786
0.002073
0.0
0.0
0.003901
0.0
0.002409
0.003755
0.005425
0.0
7.55E-4
0.0
0.001751
0.0
0.0
0.0
0.001174
0.0
0.0
0.003842
0.0
9.7E-4
0.001182
0.0
0.0
8.88E-4
0.0
0.0
0.003941
0.003685
0.0
0.005376
0.004037
0.002105
0.0
0.00494
0.0
0.0
0.0
0.0
0.001485
0.0
0.007549
0.002627
0.00256
0.005208
0.0
0.0
0.0
0.002618
0.0
0.0
0.002971
0.0
0.0
0.0
0.0
0.0
0.0
0.0
0.006181
0.0
0.003961
0.0
0.0
0.0
0.0
0.0
0.004361
0.004527
0.004989
0.001147
0.0
0.0
0.0
0.0
0.0
0.004009
0.005128
0.0
0.002027
0.0
0.0
0.002834
0.004989
0.001757
0.0
0.002747
0.0
0.011579
0.0
0.0
0.0
0.0
0.0
0.0
0.0
0.002315
0.0
0.00377
0.002854
0.0
0.001701
0.0
0.003968
0.0
0.008862
0.0
0.0
0.0
0.0
0.0
0.0
0.002471
0.002869
0.002939
0.0
0.0
0.0
0.002613
0.0
0.002364
0.0
0.0
0.001695
0.0
0.005146
0.0
0.0
0.0
0.002506
0.002955
0.0
0.0
0.0
0.004132
0.0
0.0
0.002234
0.002429
0.004153
0.001512
0.0
0.0
0.004019
0.0
0.002929
0.005858
0.0
0.0
0.0
0.0
0.0
0.0
0.0
0.002262
0.004174
0.0
0.0
0.0
0.0
0.0
0.002874
0.0
0.0
0.002347
0.0
0.0
0.0
0.0
0.0
0.003684
0.0
0.0
0.0
0.0
0.002473
0.002796
0.002467
0.0
0.0
0.002381
0.0
0.0
0.0
0.003679
0.003941
0.0
0.002703
0.003918
0.0
0.002976
0.0
0.002525
0.001422
6.94E-4
0.001049
0.0
0.006667
0.0
0.0
0.002275
0.004537
0.0
0.0
0.0
0.002475
0.003641
0.003517
0.002924
0.002679
0.002446
0.0
0.002484
0.0
0.0
0.0
0.0
0.0
0.0
0.0
0.003578
0.002764
0.002241
0.0
0.001357
0.0
0.0
0.002534
0.004159
0.0
0.0
0.001455
0.003008
8.65E-4
0.002534
0.0
0.0
0.0
0.0
0.0
0.0
0.0
0.002884
0.0
0.0
0.0
0.0
0.003792
0.00641
0.0
0.001228
0.007724
0.002501
0.0
0.0
0.004009
0.00102
0.0
0.0
0.0
0.0
0.002037
6.48E-4
0.0
0.0
0.0
0.002613
0.003968
0.002586
0.003578
0.0
0.001159
0.0
0.0
0.0
0.0
0.0
0.002635
0.0
0.007705
0.0
0.0026
0.0
0.0
0.002639
0.0
0.002854
0.005137
0.001852
0.0
0.0
0.00823
0.0
0.007062
0.0
0.0
0.003844
0.0
0.001459
7.62E-4
0.0
0.0
0.001211
0.002568
0.001465
0.0
0.0
0.0
0.005208
0.0
0.008698
0.0
0.001258
0.004737
0.0
0.0
0.00531
8.45E-4
0.0
0.0
0.0
0.0
0.0
0.0
0.002475
0.0
0.003989
0.0
0.00245
0.001442
0.0
0.0
0.006749
0.0
0.006583
0.0
0.002641
0.0
0.0
0.003641
0.0
0.0
0.0
0.002108
0.0
0.0
0.003678
0.0
0.002513
0.0
0.002541
0.001355
0.003876
0.004174
0.001389
0.0035
0.0
0.0
0.0
0.0
0.002586
0.0
0.0
0.0
0.0
0.0
0.002409
0.0
0.0
0.0
0.00413
0.0
0.0
0.0
0.004337
0.0
0.0
0.0
0.003882
0.0
0.003935
8.79E-4
0.0
0.0
0.0
0.0
0.0
0.0
0.0
0.0
0.002582
0.0
0.0
0.0
0.0
0.0
0.002496
0.0
0.0
0.0
0.0
0.0
0.0
0.00303
0.0
0.0
0.002894
0.0
0.0
0.0
0.002636
0.00842
0.005266
0.0
0.0
0.003806
0.0
0.0
0.0
0.0
0.0
0.001686
0.0
0.0
0.0
0.0
0.0
0.003552
0.002592
0.0
0.0
0.0
0.0
9.98E-4
0.0036
0.0
0.0
0.0
0.001425
0.0
0.0
0.002844
0.0
8.35E-4
0.0
0.002333
0.00651
0.003822
0.0
0.0
0.007105
0.0
0.0
0.0
0.00151
0.004034
0.0
0.001434
0.003679
0.0
0.0
0.004182
0.0
0.005025
0.002839
0.0
0.002377
0.002022
0.0
0.005952
0.002899
0.004582
0.003821
8.4E-4
0.001027
0.002564
0.0
0.0
0.0
0.00177
0.0
0.001914
0.0
0.0
0.008333
0.00303
0.002641
0.0
0.0
0.005376
0.003477
0.003506
0.002577
0.0
0.002471
0.0
0.002171
0.007914
0.003989
0.004947
0.001724
0.009336
0.0
0.002884
0.001178
0.002303
0.001096
0.0
0.0
0.003974
0.002609
0.0
7.2E-4
0.003828
0.002604
0.003704
0.0
0.0
0.0
0.0
0.009294
0.002894
0.0
0.00266
0.003825
0.0
0.0
0.0
9.82E-4
0.0
0.0
0.0
0.0
0.001739
0.002854
0.0
0.0
0.0
0.001109
0.005217
0.003928
0.002618
0.00295
0.003596
0.0
0.005556
0.001326
0.006993
0.002929
0.006797
0.0
0.003424
0.002337
0.00784
0.002703
0.0
0.0
0.0
0.00282
0.002568
0.0
0.002674
0.0
0.0
0.0
0.004115
0.0
0.0
0.0
0.0
0.0
0.0
0.001315
0.0
0.004545
0.002669
0.0
0.002534
0.0
0.001313
0.0
0.0
0.004204
0.004144
0.0
0.0
0.0
0.0
0.001176
6.32E-4
0.0
0.0
0.0
0.0
0.002393
0.001203
0.006539
0.003506
0.0
0.0
0.0
0.0
0.004219
0.001429
0.001144
0.0
0.002453
0.002234
0.002323
8.59E-4
0.00629
0.0
0.0
0.0
0.0
0.0
0.0088
0.0
0.0
0.005291
0.0
0.001015
0.0
0.0
0.005737
0.001427
0.0
0.0
0.005565
0.002646
0.0
0.001802
0.0
0.0
0.0
0.0
0.0
0.007313
0.0
0.00373
0.0
0.003897
0.001681
0.0
0.002728
0.007733
0.001051
0.003041
9.37E-4
0.002909
0.002271
0.0
0.0
0.003862
0.002454
0.0
0.0
0.002471
0.0
0.0
0.005003
0.0
0.0
0.0
0.0
0.0
0.00248
7.66E-4
0.0
0.005792
0.001142
0.003935
0.005396
0.001412
0.002377
0.005263
0.0
0.0
0.0
0.003679
0.003928
0.0
0.0
0.0
0.0
0.0
0.0
0.0
0.00265
8.19E-4
0.002115
0.002369
0.005051
0.0
0.001172
0.002864
0.00134
0.0
0.0
0.0
0.003185
0.0
0.0
0.0
0.003815
0.0
0.002869
0.002169
0.0
0.0
0.0
0.0
0.0
0.0
0.0
0.0
0.0
6.92E-4
0.0
0.0
0.0
0.0
0.004065
0.004079
0.0
0.0
0.001197
0.002627
0.0
0.005042
0.0
0.0
0.002919
0.0
0.0
0.005635
0.0
0.006501
0.011783
0.001056
0.00275
0.0
0.0
0.002669
0.001504
0.0
0.0
0.0
0.0
0.001058
0.004197
0.0
0.002158
0.00256
0.0
0.0
0.0
0.0
0.0
0.0
0.003627
0.0
0.0
0.0
0.005042
0.0
0.0
0.002806
0.0
0.0
0.001439
0.0
0.001168
0.0
0.001751
0.0
0.0
0.002998
0.002889
0.00282
0.0
0.003989
0.002622
0.0
0.0
0.002839
0.001107
0.0
0.0
0.001434
0.002712
0.0
0.0
0.0
0.001507
0.00467
0.002914
0.0
0.0
0.0
0.0
0.0
0.002859
0.0
0.0
0.002569
0.0
0.0
0.0
0.0
0.0
0.006455
0.0
0.0
0.0
0.0
0.0
0.003376
0.0
0.0
0.00861
0.0
0.0
0.0
0.002438
0.003918
0.004174
0.0
0.0
0.003968
0.007352
0.0
0.0
0.0
0.004002
0.0
0.002627
0.0
0.002467
0.0
0.005448
0.0
0.0
0.0
0.0
0.009717
0.003742
0.0
0.0
0.005137
0.0
0.001805
0.0
0.002688
0.001313
0.0
0.0
0.0
0.00138
0.0
0.006415
0.001008
0.00295
0.0
9.16E-4
0.002508
0.001675
0.0
0.0
0.0
0.002119
0.0
0.0
0.0
0.002492
0.0
0.004242
0.007692
0.0
0.002343
0.0
0.002879
0.0
0.0
0.001014
0.0
0.0
0.0
0.0
0.002966
0.005586
0.0
0.002417
0.0
0.002636
0.0
0.0
0.0
0.002143
0.0
0.0
0.0
0.0
0.003895
0.0
0.0
0.002339
0.002397
0.005556
0.0
0.0
0.0
0.0
0.0
7.81E-4
0.0
0.005583
0.0
0.0
0.0
0.0
9.69E-4
0.0
0.0
0.0
0.001043
0.0
0.0
0.004576
0.004602
0.0
0.0
0.0
0.0
0.0
0.0026
0.001475
0.004086
0.00473
0.0
0.001188
0.0
0.003755
0.0
0.0
0.0
0.002506
0.001745
0.0
0.0
0.001326
0.0
0.0
0.006737
0.0
0.0
0.0
0.002627
0.003614
0.005685
0.0
0.0
0.0
0.0
0.0
0.0
0.00345
0.0
0.0
0.0
0.001692
0.0
0.0
0.0
0.0
0.003995
0.0
0.0
0.0
0.0
0.008187
0.00712
0.0
0.0
0.0
0.00216
0.0
0.0
0.0
0.001437
0.002679
0.0
0.002591
0.002538
0.0
0.0
0.003789
0.0
0.005111
0.0
0.0
0.0
0.001014
0.00859
0.0
0.005085
0.009347
0.004079
0.001653
0.0
0.0
0.0
0.0
0.00512
0.003968
0.0
0.003883
0.0
0.0
0.0
0.005367
0.002319
0.0
0.002569
0.0
0.0
0.0
0.0
0.005319
0.001465
0.0
0.0
0.0
0.001941
0.0
0.006703
0.0
0.0
0.004879
0.0
0.0
0.00112
0.004227
0.0
0.002429
0.00253
0.0
0.0
0.0
0.010275
0.0
0.003942
0.0
0.0
0.001739
0.0
0.0
0.0
0.0
0.005226
0.0
0.002054
0.004958
0.002629
0.001467
0.002641
0.0
0.0
0.00123
0.0
0.0
0.0
9.79E-4
0.002407
0.0
0.0
0.002834
0.0
0.0
0.001119
0.0
0.001748
0.0
0.002573
0.002555
0.009814
0.001403
0.0
0.002538
0.0
0.00574
0.002587
0.0
0.0
0.0
0.0
0.006055
0.0
0.0
0.00295
0.0
0.0
0.0
0.0
0.0
0.002879
0.001091
0.003815
0.0
0.0
0.0
9.84E-4
0.006818
0.0
0.0
0.0
0.0
0.001767
0.004197
0.0
0.0
0.0
0.002136
0.002256
0.001045
0.002101
0.00132
0.0
0.0
0.0
0.0
0.0
0.002195
0.0
0.003633
0.0
0.002762
0.0
0.0
0.0
0.0
0.002287
0.003523
0.006455
0.0
0.003658
0.006467
0.001343
0.003889
0.0
0.007772
0.002165
0.0
0.0
0.003882
0.0
0.003955
0.001008
0.003775
0.001345
0.0
0.0
0.002792
0.0
0.005076
0.0
0.0
0.0
0.004037
0.0
0.0
0.003381
0.0
0.0
0.0
0.0
0.0
8.73E-4
0.0
0.0
0.006118
0.004258
0.003975
0.0
0.005336
0.001727
0.0
0.0
0.0
0.002488
0.003534
0.001132
0.0
0.002394
0.0
0.0
0.0
0.0
0.003654
0.0
0.0
0.00236
0.0
0.003835
0.0
0.0
0.00603
0.0
0.0
0.001212
0.001203
0.0
0.002641
0.0
0.00253
0.006925
0.0
0.0
0.0
0.0
0.0
0.0
0.0
8.39E-4
0.0
0.0
0.006091
0.0
0.0
0.0
0.0
0.002097
0.0
0.002966
0.002401
0.002573
0.0
0.003815
0.005319
0.0
0.00403
0.0
8.5E-4
0.0
0.004023
0.0
0.0
0.0
0.0
0.002564
0.0
0.002569
0.0
0.006833
0.0
7.22E-4
0.0
0.002501
0.002801
0.004086
0.0
0.002664
0.0
0.009804
0.0
0.0
0.0
0.0
0.0
0.0
0.0
0.001299
0.0
0.006757
0.005085
0.006539
0.0
0.0
0.0
0.002547
0.0
0.005119
0.0
0.002454
0.0
0.0
0.0
0.002523
0.0
0.0
0.0
0.002389
0.002678
0.002864
0.002622
0.003757
0.0
0.0
0.001282
0.006192
0.0
0.0
0.0
0.006737
7.51E-4
0.004189
0.0
0.0
0.0
0.0
0.0
0.0
0.0
0.0
0.0
0.0
0.0
0.002262
0.001675
0.002551
0.0
0.0
0.0
0.005254
0.003742
0.0
0.0
0.002381
8.73E-4
0.002609
0.0
0.0096
0.0
0.0
0.002641
0.002517
0.0
0.0
0.002591
0.005059
0.0
0.003968
0.0
0.0
0.0
0.002582
0.004488
0.0
0.002609
0.0
0.005353
0.001515
0.0
0.0
0.0
0.005429
0.002737
0.001307
0.0
0.0
0.0
0.004079
0.0
0.00366
0.004016
0.002035
0.003983
0.0
0.0
0.0
0.006268
0.00703
0.0
0.005338
0.00706
0.001467
0.001145
0.003908
0.007005
0.0
0.0
0.0
0.0
0.002564
7.41E-4
0.004002
0.0
0.0
0.0
0.004242
0.0
0.0
0.0
0.0
0.0
0.001799
0.0
0.0
0.005575
0.002592
0.0
0.0
0.0
0.0
0.0
0.0
0.0
0.0
0.002625
0.002604
0.0
0.009972
0.0
0.0
0.005747
0.003902
0.002525
0.005789
0.0
0.006821
0.003948
0.0
0.0
0.0
0.0
0.0
0.0
0.0
0.0
0.002283
0.002806
0.002357
0.0
0.005199
0.002773
0.0
0.0
0.001776
0.0
0.0
0.0
0.005146
0.0
0.0
0.002488
0.0
0.0
0.0
0.0
0.001161
0.005155
0.0
0.0
0.0
0.005376
0.005068
0.001507
0.004009
0.0
0.001338
0.0
0.005111
0.004101
0.003942
0.0
0.002324
0.00346
7.62E-4
0.0
0.0
0.006876
0.0
0.0
0.00244
7.6E-4
0.0
0.0
0.00253
0.001478
0.0
0.002256
0.0
0.0
0.003835
0.0
0.001957
0.0
0.0
0.001408
0.0
0.0
0.0
0.0
0.0
0.0
0.0
0.0
0.001132
0.0
0.0
0.0
0.001176
0.002504
0.00208
0.004065
0.002452
0.002793
0.0
0.002627
0.002879
0.003975
0.00117
0.00447
0.0
0.002844
0.0
0.002966
0.0
0.0
0.001064
0.002501
0.0
0.005219
0.0
0.0
0.0
0.0
0.0
0.0
0.003413
0.002147
0.0
0.0
0.008685
0.0
0.0
0.0
0.004002
0.002703
0.0
0.003654
0.002256
0.0
0.0
0.004975
0.0
0.002889
0.004079
0.0
0.001315
0.003801
0.0
8.65E-4
0.00148
0.0
0.003869
0.0
0.006856
0.001472
0.001293
0.0
0.0
0.0
0.0
0.0
9.84E-4
0.0
0.0
0.002473
0.001698
0.0
0.0
0.004274
0.0
0.004754
0.0
0.0
0.001151
0.002591
0.002636
0.0
0.0
0.0
0.001658
0.0
0.0
0.003679
0.0
0.0
0.00295
0.001368
0.0
0.0
0.0
0.0
0.00295
0.002226
0.0
0.003983
0.002335
0.0
0.002971
0.002889
0.0
0.00223
0.004303
0.003922
0.0
0.0
0.0
0.0
0.0
0.0
0.003922
0.010857
0.0
0.0
0.002513
0.0
0.0
0.006833
0.0
0.001293
0.001698
0.001512
0.004122
0.004144
0.003506
0.0
0.0
0.00339
0.0
0.002401
0.005329
0.001348
0.0
0.0
0.0
0.0
0.00141
0.0
9.87E-4
0.006134
0.005051
0.0
0.005665
0.004051
0.0
0.001449
0.0
0.001043
0.0
0.0
0.0
0.0
0.001767
0.0
0.0
0.002528
0.0
0.0
0.006246
0.0
0.001428
0.0
0.0
0.0
0.0
0.005556
0.006836
0.001704
0.002745
0.001322
0.0
0.0
0.002405
0.0
0.0
0.0
0.0
0.0
0.0
0.0
0.001119
0.0
0.003904
0.0
0.0
0.0
0.0
0.0
0.0
0.0
0.002889
0.0
0.004951
0.0
0.00148
0.0
0.004258
0.0
0.006908
0.004235
0.003057
0.0
0.0
0.0
0.0026
0.002683
0.001538
0.0
0.0
0.0
0.0
0.001462
0.002722
0.0
0.0
0.0
0.003025
0.002483
0.003563
0.002664
0.002688
0.0
0.0
0.0
0.002834
0.0
0.001665
0.0
0.002431
0.002251
0.0
0.0
0.003234
0.001382
0.00265
0.003867
0.0
0.0
0.002646
0.0
0.0
0.0
0.0
0.0
0.001157
0.0
0.0
0.0
0.0
0.002405
0.0
0.0
0.003671
0.0
0.002591
0.0
0.0076
0.003608
0.00354
0.0
0.002899
0.002618
0.0
0.0
0.0
0.0
0.0
0.0
0.0
0.003889
0.0
0.006957
0.0
0.009468
0.0
0.0
0.002423
0.0
0.0
0.0
0.0
0.0
0.001736
0.0
0.0
0.0
0.0
0.0
0.0
0.00346
0.0
0.004122
0.0
0.004305
0.00256
0.007692
0.0
0.0
0.005093
0.0
0.001626
0.0
0.0
9.8E-4
0.0
0.002909
0.0
0.0
0.0
0.002493
0.0
0.003816
0.002322
0.0
0.004144
0.0
0.002773
0.004452
0.0
0.001174
0.005848
0.00265
0.003047
0.0
0.0
0.0
0.0
0.0
0.0
0.0
0.0
0.0
0.0
0.0
0.0
0.0
0.002521
0.0
0.0
0.0
0.003989
0.003036
0.003092
0.005319
0.0
0.0
0.0
0.00211
0.0
0.0
0.0
0.0
0.0
0.002971
0.0
0.001343
0.0
0.0
0.0
0.0
0.0
0.0
0.003876
0.002405
0.002547
7.45E-4
0.00148
0.002116
0.0
0.0
0.003861
0.0
0.0
0.002929
0.004094
0.0
0.0
0.002459
0.007489
0.007565
0.0
0.0
0.0
0.004197
0.0
0.002226
0.0
0.001563
0.002792
0.003009
0.0
0.0
0.0
0.0
0.0
0.001425
0.002618
0.006892
0.0
0.006747
0.001491
0.004997
0.0
0.002801
0.001157
0.0
0.0
0.003536
0.0
0.0
0.0
0.001402
0.003788
0.0
0.002538
0.0
0.0
0.003736
0.0
0.0
0.0
0.003844
0.002811
0.001701
0.0
0.0
0.0
0.00303
0.005921
0.0
0.0
0.0
0.0
0.002759
0.0
0.002303
0.0
0.0
0.0
0.0
0.002147
0.0
0.003064
0.0
0.0
0.001038
0.0
0.0
0.0
0.0
0.004101
0.0
0.0
0.0
0.0
0.0
0.002573
0.0
0.0
0.001229
0.002311
0.0
0.0
0.0
0.0
0.0
0.005743
0.001457
0.0
0.0
0.0
0.0
0.001767
0.006475
0.0
0.0
0.002618
0.0
0.002454
0.001439
0.0
0.002899
0.002632
0.0
0.002547
0.0
0.0
0.0
0.0
0.00364
0.0
0.0
0.0
0.0
9.85E-4
0.0
0.0
0.0
0.0
0.008745
0.0
0.00266
0.0
0.002825
0.003605
0.001686
0.004023
0.0
0.0
0.0
0.003121
0.0
0.0
0.002904
0.0
0.0
0.0
0.0
0.0
0.0
0.003828
0.0
0.0
0.0
0.0
0.001174
0.0
0.0
0.001512
0.002413
0.002541
0.0
0.0
0.003861
0.0
0.0
0.002034
0.0
0.0
0.003373
0.0
0.006993
0.0
0.0
0.001504
0.0
0.0
0.0
0.0
0.00253
0.005164
0.0
0.0
0.001689
0.002796
0.0
0.0
0.006101
0.0
0.003844
0.0
0.0
0.002755
0.003968
0.002463
0.006164
0.002519
0.004051
0.002664
0.001147
0.0
0.001518
0.0
0.002238
8.56E-4
0.0
0.0
0.002564
0.005565
0.0
0.0
0.0
0.003995
0.0
0.00959
0.0
0.0
0.0
0.003976
0.006667
0.001667
0.006894
0.002874
0.0
0.001126
0.0
0.00425
0.0
0.0
0.0
0.0
0.002987
0.004101
0.0
0.0
0.0
0.005057
0.002641
0.0
0.0
0.0
0.0
0.0
0.0
0.0
0.002783
0.0
0.001478
0.0
0.0
0.004337
0.001045
0.006068
0.0
0.0
0.006494
0.0
0.0
0.0
0.003471
0.0
0.0
0.0
0.0
0.0
9.02E-4
0.0025
0.0
0.0
0.0
0.0
0.001111
0.0
0.0
0.0
0.002513
0.0
0.0
0.0
0.0
0.0
0.0
0.0
0.0
0.004167
0.0
0.001412
0.004023
0.002914
0.0
0.0
0.0
0.006223
0.0
0.002955
0.004197
0.00371
0.0
0.0
0.002528
0.0
0.0
0.0
0.0
0.0
0.0
0.0
0.0
0.0
9.79E-4
0.002577
0.001405
0.0
0.0
0.0026
0.0
0.0
0.005535
0.003975
0.0
0.0
0.003697
0.0
0.0
0.003995
0.001427
0.001442
0.0
0.0
0.004834
0.002966
0.002568
0.004113
0.0
0.0
0.0
0.0
0.0
0.003908
0.001184
0.00151
0.003384
0.0
0.0
0.0
0.0
0.0
0.002484
0.004079
0.0
0.0
0.0
0.00266
0.003911
0.0
9.1E-4
0.0
0.0
0.002884
0.0
0.0
0.0
0.0
0.0
0.0
0.0026
0.00209
0.0
0.0
0.0
0.0
0.002151
0.0
0.007451
0.0
0.00112
0.0
0.0
0.003842
0.001345
0.008757
0.0
0.0
0.001326
0.0
0.0
0.0
0.0
0.0
0.001174
0.003019
0.002854
0.0
0.0
0.005137
0.0
0.0
0.0
0.002454
0.0
0.0
0.003998
0.002595
0.0
0.001718
0.0
0.0
0.002534
0.002879
0.005349
0.0
0.0
0.0
0.0
0.001485
0.0
0.002874
0.004037
0.003855
0.0
0.0
0.0
0.005425
0.0
0.002859
0.0
0.0
0.0
0.002525
0.0
0.004543
0.0
0.0
0.0
0.002778
0.0
0.002914
0.0
0.0
0.0
0.0
0.0
0.0
0.002914
0.001034
0.002669
0.002698
0.002801
0.0
0.0
0.002218
0.0
0.002438
0.002674
0.002256
0.004991
0.010771
0.0
0.0
0.0
0.001145
0.0
0.0
0.002722
0.0
0.002674
0.0
0.0
0.004152
0.0
0.0
0.0
0.0
0.0
0.006564
0.003995
0.0
0.0
0.0
0.0
0.002769
0.0
0.0
0.0
0.002569
0.002203
0.0
0.0
0.001789
0.004009
0.0
0.003629
0.002806
0.0
0.0
0.0
0.0
0.0
0.002224
0.0
0.0
0.0
0.001091
0.0
0.0
0.002971
0.0
0.0
0.0
0.001427
0.0
0.002245
0.0
0.004
0.0
0.002521
0.001295
0.003935
0.0
0.0
0.002203
0.0053
0.0
0.001434
0.002597
0.0
0.0
0.0
0.004044
0.0
0.002919
6.35E-4
0.0
0.003259
0.0
0.0
0.0
0.0
0.0
0.0064
0.0
0.005666
0.0
0.0
0.0
0.0
7.3E-4
0.0
0.0
0.0
0.0
0.0
0.0
0.0
0.0
0.0
0.0049
0.001109
0.0
0.0
0.0
0.0
0.002884
0.004802
0.002204
0.0
0.0
0.001019
0.0
0.002778
0.007965
0.002169
0.0
0.0
0.004437
0.005853
0.00141
0.0
0.004159
0.002688
0.002839
0.0
0.005059
0.0
0.0
0.0
0.009208
0.0
0.0
0.0
0.006061
0.00101
0.0
0.0
0.0
0.002207
0.0
0.0
0.002072
0.0
0.0
0.002929
0.0
0.0
0.0
0.004159
0.0
0.003574
0.007705
0.0
0.0
0.002538
0.0
0.0
0.002555
0.001038
0.0
0.0
0.0
0.0
0.0
0.0
0.0
0.0
0.00235
0.0
0.0
0.0
0.0
0.002389
0.001634
0.0
0.0
0.0
0.005152
0.002825
0.0
0.0
0.001333
6.49E-4
0.00403
0.003599
0.0
0.002914
0.002429
0.0
0.00322
0.0
0.00423
0.0
0.0
0.0
0.0
0.0
0.0
0.0
0.003591
0.0
0.002417
0.0
0.005336
0.002787
0.003621
0.005245
0.0
0.002234
0.002515
0.0
0.001459
0.0
0.0
0.0
0.009075
0.003962
0.004065
0.0
0.0
0.002573
0.002879
0.0
0.0
0.003788
0.0
0.0
0.0
0.002211
0.0
0.002929
0.0
0.0
0.0
0.005363
0.0
0.0
0.0
0.005817
0.0
0.0
0.003788
0.0
0.0
0.0
0.0
0.0
0.0
0.0
0.002303
0.0
0.0
9.04E-4
0.0
0.0
0.0
0.0
0.0
0.0
0.0
0.0
0.004072
0.007215
0.0
0.0
0.001295
0.0
0.0
0.0
0.0
0.003008
0.0
0.0
0.0
0.0
0.0
0.0
0.0
0.003623
0.0
0.0
0.003928
0.0
0.002368
0.002894
0.002914
0.0
0.0
0.003477
0.0
0.010749
0.0
0.002879
0.0
0.006289
0.0
0.002465
0.0
0.0
0.003704
0.0
0.004108
0.0
0.001422
0.0
0.001155
0.0
0.0
0.001434
0.004121
0.0
6.31E-4
0.001317
0.004558
0.002438
0.0
0.002478
0.00444
0.0011
0.0
0.0
0.005605
0.0
0.004058
0.0
0.004913
0.007018
0.0
0.00262
0.0
0.0
0.0
0.0
0.0
0.0
0.0
0.0
0.0
0.0
0.001144
0.0
0.0
0.004333
0.004108
0.0
0.002683
0.002674
0.003729
0.0
0.006196
0.002541
0.004227
0.001692
0.0
0.0
0.00431
0.0
0.0
0.0
0.0
0.003704
0.0
0.0
0.001247
0.0
0.00106
0.0
0.0
0.0
0.0
0.002555
0.002025
0.001045
0.0
0.003666
0.003641
0.001742
0.0
0.0
0.0
0.0
0.0
0.004144
0.001138
0.002884
0.003614
0.001033
0.0
0.004508
0.002381
0.0
0.003512
0.0
0.007931
0.0
0.0
0.0
0.0
0.005348
0.0
0.0
0.0
0.0
0.0
0.001415
0.005254
0.0
0.0
0.0
0.0
0.0
0.001403
0.005199
0.0
0.00369
0.0
0.004197
0.0
0.0
0.0
0.00531
0.0
0.0
0.0
0.0
0.002295
0.004023
0.0
0.0
0.003848
0.002874
0.0
0.0
0.0
0.002703
0.002482
0.0
0.0
0.0
9.7E-4
0.0
0.004417
0.0
0.0
0.0
0.0
0.001333
0.0
0.0
0.001359
0.0
0.003729
0.0
0.0
0.002811
0.006455
0.004962
0.001256
0.0
0.002679
0.0
7.54E-4
0.002101
0.003541
0.008893
0.005057
0.0
9.36E-4
0.0
0.0
0.0
0.003982
0.002879
0.007525
0.007282
0.0
0.0
0.002238
0.0
0.001352
0.0
0.0
0.001472
0.001033
0.0
0.0
0.004934
0.0
0.0
0.003614
0.0
0.0
0.00102
0.0
0.006768
0.001964
0.003614
0.002601
0.0
0.004044
0.0
0.0
0.002102
0.003521
0.0
0.003704
0.0
0.002521
0.0
0.0
0.0
0.0
0.0
0.0
0.0
0.00413
0.002632
0.0
0.0
9.56E-4
0.002287
0.0
0.0
0.004058
0.0
0.001653
0.005051
0.003828
0.0025
9.49E-4
0.005245
0.0
0.003755
0.0
0.002123
0.002311
0.0
0.0
0.0
0.0
0.00177
0.00359
0.003729
0.0
0.002299
0.00435
0.0
0.0
0.0
0.0
0.0
0.001667
0.002924
0.0
0.0
0.0
0.007744
0.001071
0.0
0.0
0.004115
0.0
0.001128
0.0
0.001286
0.0
0.0
0.0
0.0
0.0
0.0
0.0
0.0
0.0
0.001008
0.0
0.0
0.001228
0.0
0.0
0.0
0.0
0.002815
0.001462
0.002341
0.0
0.0
0.002206
0.006388
0.0
0.0
0.001678
0.002955
0.0
0.0
0.005319
0.005173
0.001302
0.0
0.0
0.0
0.0
0.0
0.0
0.002178
0.0
0.0
0.0
0.001036
0.002538
0.0
0.005367
0.0
0.00385
0.003902
0.0
0.002914
0.002115
0.0
0.0
0.0
0.0
0.002417
0.004072
0.002542
0.0
0.004101
0.002188
0.0
0.0
0.0
0.0
0.0
0.0
0.0
0.0
0.002874
0.0
0.003902
0.0
0.002854
0.0
0.0
0.00173
0.0
0.0
0.002026
0.001653
0.003828
0.0
0.0
0.0
0.0
0.00266
0.0
0.002061
0.0
0.0
0.0
0.0
0.003047
0.00897
0.00253
0.003821
0.0
0.003821
0.0
0.004167
0.0
0.0
0.0
0.0
0.0
0.0
0.0
0.001301
0.001297
0.001347
0.003621
0.002924
0.007791
0.0
0.002698
0.0
0.0
0.0
0.002674
0.0
0.008532
0.002811
0.0
0.0
0.0
0.001467
0.008113
0.0
0.0
0.0
0.0
0.0
0.0
0.0
0.001188
0.0
0.0
0.0
0.003795
0.0
0.0
0.0
0.0
0.002337
0.001374
0.0
0.0
0.0
0.0
0.002641
0.0
9.92E-4
0.003736
0.002515
0.0
0.0
0.002698
0.0
0.0
0.001493
0.001195
0.002087
0.0
0.001698
0.0
0.0
0.0
0.004002
0.001073
0.0
0.00389
0.0
0.0
0.004122
0.001389
0.0
0.0
0.003755
0.002632
0.0
0.002311
0.0
0.003889
0.007026
0.0
0.0
0.0
0.0
0.0
0.0
0.005068
0.0
0.0
0.0
0.0
0.001532
0.002604
0.0
0.002679
0.002982
0.002263
0.0
0.001214
0.0
0.0
0.0
0.0
0.006519
0.003232
0.002582
0.001454
0.0
0.0
0.008265
0.0
0.0
0.0
0.0
0.0
0.0
0.003654
0.0
0.0
0.005432
0.002622
0.001071
0.0
0.0
0.0
0.005396
0.006914
0.0
0.002385
0.0
0.0
0.004079
0.00519
0.0
0.0
0.002929
0.005199
0.002143
0.002679
0.003172
0.0
0.002622
0.0
0.0
0.002187
0.003941
0.0
0.0
0.0
0.0
0.0
0.001068
0.0
0.0
0.001313
0.0
0.0
0.0
0.0
0.006152
0.002899
0.0
0.0
0.0
0.0
0.002869
0.003995
0.0
0.0
0.005157
0.0
0.0
0.007599
0.006066
0.004977
0.002393
0.0
0.0
0.0
0.0
0.0
0.0
0.002889
0.0
0.005376
0.002555
0.003897
0.0
0.006243
0.0
0.0
0.002573
0.004879
0.0
0.0
0.0
0.002555
0.0
0.002577
0.002488
0.001003
0.003025
0.0
0.0
0.00236
0.0
0.0
0.0
0.004325
0.0
0.003543
0.00421
0.0
0.001745
0.0
0.0
0.001684
0.0
0.0
0.003729
0.004673
0.0
0.0
0.0
0.0
0.0
0.0
0.0
8.46E-4
0.0
0.001698
0.0
0.0
0.0
0.0
0.0
0.0
0.0
0.0
0.004058
0.0
0.0
0.003646
0.01092
0.0
0.003975
0.002385
0.0
0.003737
0.0
0.0
0.003685
0.002909
0.008102
0.001427
0.0
0.0
9.52E-4
7.78E-4
0.002982
0.0026
0.002977
0.003477
0.001151
0.0
0.0
0.0
0.0
0.0
0.0
0.0
0.002218
0.0
0.0
0.0
0.002854
0.0
0.0
0.0
0.0
0.001483
0.0
0.0
0.004174
0.0
0.0
0.001147
0.0
0.004938
0.0
0.0
0.005615
0.0
0.002674
0.003256
0.002311
0.006111
0.004972
0.006108
0.002859
0.007307
0.0
0.001398
0.005102
0.003623
0.006322
0.0
0.002825
0.0
0.001672
0.0
0.006757
0.0
0.002919
0.003941
0.001304
0.0
0.0
0.001394
0.0
0.006428
0.008017
0.0
0.0
0.0
0.004648
0.0
0.0
0.003003
0.0
0.005059
0.0
0.002238
0.002966
0.0
0.0
0.002618
0.002528
0.0
0.0
0.0
0.001802
0.0
0.0
0.0
0.0
7.37E-4
0.0
0.0
0.0
8.85E-4
0.0
0.0
0.0
0.002488
0.002914
0.004068
0.0
0.0
0.0
0.002622
0.0
0.0
0.0
9.6E-4
0.002919
0.0
0.001042
0.0
0.004101
0.0
0.001147
0.0
0.0
0.0
0.0
0.009938
0.0
0.002966
0.004139
0.0
0.0
0.004409
0.0
0.0
0.003571
0.002814
0.0
0.003876
0.0
0.002874
0.0
0.0
0.004671
0.0
0.005445
0.005208
0.001232
0.0
0.002801
0.0
0.0
0.0
0.004289
0.0
0.0
0.0
0.002104
0.0
0.0
0.0
0.001718
0.0
0.0
0.001493
0.0
0.0
0.0
0.006443
0.0
0.0
0.0
0.0
0.001457
0.0
0.001776
0.0
0.0
0.0
0.002929
0.001789
0.008817
0.00266
0.0
0.0
0.0
0.0
0.0
0.0
0.0
0.006378
0.001225
0.002693
0.004122
0.001425
0.002483
0.0
0.005222
0.004348
0.0
0.0
0.002493
0.0
0.0
0.0
0.001472
0.0
0.0
0.008352
0.0
0.002769
0.0
0.0
0.0
0.0
0.0
0.001379
0.002359
0.00295
0.0
0.0
0.0
0.0
0.003995
0.004997
0.001681
0.005245
0.0
0.002316
0.003956
0.00397
0.001802
0.0
0.004588
0.003815
0.0
0.0
0.0
0.0
0.0
0.0
0.0
0.0
0.001675
0.001075
0.001178
0.0
0.0
0.005076
0.002632
0.002222
0.0
0.006061
0.0
0.005319
0.002945
0.00266
0.002397
0.0
0.0
0.0
0.0
0.0
0.005164
0.0
0.0
0.0
0.0
0.007464
0.0
0.0
9.11E-4
0.003795
0.0
0.0
0.004058
0.0
0.002242
0.0
0.0
0.00141
0.0
0.005348
8.82E-4
0.002945
0.006714
0.0
0.0
0.0
0.002646
0.0
0.00134
0.0
0.0
0.006423
0.002939
0.0
0.0
0.0
0.002262
0.0
0.0
0.002411
0.0
0.003889
0.0
0.005858
0.001024
0.0
0.0
0.0
0.003477
0.002339
0.0
0.002519
0.001049
0.0
0.0
0.002899
0.0
0.0
0.006574
0.0
0.002976
0.002532
0.0
0.004016
0.0
0.0
0.002234
0.00359
0.004167
0.003795
0.0
0.0
0.005338
0.0
0.008329
0.0
0.00128
0.004934
0.0
0.0
0.002939
0.0
0.003459
0.0
0.0
0.0
0.002869
0.0
0.004152
0.0
0.0
0.0
0.0
0.002811
0.007772
0.004016
0.0
0.0
0.001447
0.002889
0.001825
0.0
0.002409
0.002538
0.0
0.0
0.002577
0.0
0.002162
0.002484
0.003558
0.0
0.0
0.003824
0.004016
0.0
0.0
0.005128
0.0
0.0
0.003869
0.004778
0.0
0.004345
0.0
0.009753
0.0
0.00595
0.004096
0.0
7.71E-4
0.0
0.002564
0.001028
0.0
0.0
0.0
0.0
0.002226
0.00375
0.004242
0.0
0.0
0.0
0.0
0.0
0.0
0.002417
0.0
0.0
0.006149
0.0
0.00226
0.0
0.0
0.0
0.003815
0.0
0.001724
0.0
0.0
0.0
0.0
0.004094
0.005169
0.0
0.0
0.002102
0.002073
0.003982
0.0
0.0
0.002864
0.0
0.0
0.0
0.0
0.0
0.002622
0.0
0.0
0.0
0.0
0.0
0.0
0.004695
0.0
0.0
0.0
0.001068
0.002889
0.0
0.0
0.006757
0.002488
0.0
0.0
0.004086
0.0
0.0
0.0
0.0
0.008216
0.0
0.002849
0.0
0.003594
0.0
0.001157
0.001095
0.0
0.0
0.002452
0.004108
0.0
0.00296
0.0
0.0
0.0
9.49E-4
0.0
0.0
0.002655
0.001462
0.0
0.004235
0.004967
0.0
0.0
0.002033
0.0
0.0
0.002914
0.0
0.003935
0.002869
0.005254
0.0
0.002611
0.0
0.003742
0.0
0.0
0.0
0.005181
0.002688
0.002586
0.008862
0.00403
0.0
0.002919
0.0
0.0
0.0
0.0
0.001053
0.0
0.0
0.004242
0.0
0.00148
0.0
0.0
0.0
0.0
0.0
0.0
0.0
0.002909
0.0
0.001449
0.0
0.0
0.002484
0.0
0.0
0.001521
9.54E-4
0.0
0.003666
0.001225
0.002622
0.005869
0.0
0.0
0.001439
0.003672
0.0
0.001432
0.0
0.004058
0.002934
0.002899
0.0
0.0
0.0
0.0
0.00177
0.0
0.005282
0.0
0.0
0.002002
0.001391
0.0
0.0026
0.002538
0.0
0.0
0.002197
0.0
0.001031
0.002627
0.0
0.0
0.002945
0.004907
0.0
0.0
0.006548
0.001071
0.00253
0.0
0.0
0.0
0.002463
0.0
0.005973
0.0
0.0
0.0
0.00413
0.0
0.001449
0.002698
0.0
0.0
0.0
0.0
0.0
0.0
0.0
0.00265
0.0
0.0
0.0
0.005376
0.0
0.0
0.001036
0.0
0.003512
0.0
0.0
0.002364
8.08E-4
0.0
0.003659
0.0
0.0
0.002256
0.002814
0.004677
0.0
0.010485
0.004108
0.002919
0.0
0.0
0.0
0.0
0.00516
0.0
0.0
0.0
0.0
0.0
0.0
0.001403
0.005396
0.001761
0.0
0.0
0.0
0.0
0.002311
0.0
0.002854
0.006803
0.0
0.0
0.001724
0.0
0.0
0.006183
0.0
0.0
0.001136
0.005385
0.0
0.004115
0.001038
0.002463
0.002595
0.0
0.001402
0.0
0.003902
0.0
0.0
0.0
0.0
0.00645
0.0
0.0
0.0
0.003401
0.003841
0.0
0.0
0.0
0.002538
0.0
0.002577
0.004958
0.006579
0.00173
0.0
0.005208
0.0
0.002291
0.003995
0.003541
0.0
0.001151
0.0
0.0
0.005025
0.0
0.005282
0.007491
0.0
0.005455
0.002929
0.0
0.0
0.00142
0.0
0.0
0.0
0.0
0.002655
0.001182
0.001029
0.0
0.0
0.0
0.003129
0.002854
0.0
0.002568
0.00806
0.0
0.005517
0.002029
0.0
0.0
0.0
0.0
0.0
0.0
0.0
0.0
0.004023
0.007005
0.002496
0.003654
0.004188
0.001459
0.0
0.006071
0.002583
0.0
0.0
0.0
0.0
0.002501
0.001721
0.002438
0.0
0.0
0.002889
0.0
0.006261
9.82E-4
0.002618
0.0
0.0
0.0
0.005331
0.008571
0.005023
0.0
0.0053
0.0
0.006947
0.002825
0.0
0.0
0.0
0.004016
0.002515
0.0
5.66E-4
0.002646
0.00371
0.00141
0.00883
0.0
0.00256
0.0
0.0
0.0
0.0
0.002934
0.0
0.0
0.0
7.46E-4
0.0
0.0
0.001812
0.0
0.002934
0.0
0.0
0.00117
0.0
0.0
0.0
0.0
0.001389
0.0
0.0
0.002211
0.0
0.004108
0.0
0.0
0.0
0.003962
0.0
0.004899
0.0
0.0
8.7E-4
0.0
0.004275
0.0
0.0
0.0
0.0
0.004044
0.0
0.0
0.01354
0.004472
0.0
0.001012
0.0
0.0
0.002869
0.0
0.0
0.003182
0.007221
0.002333
0.0
0.003641
0.002538
0.0
0.002252
0.002955
0.00265
0.0
0.0
0.002825
0.0
0.0
0.0
0.0
0.0
0.0
0.0
0.002473
0.0
9.26E-4
0.002924
0.002792
0.0
0.00662
0.0
0.0
0.002992
0.0
0.0
0.0
0.0
0.0
0.0
0.004094
0.0
0.002764
0.0
0.002884
0.0
0.002727
0.0
0.0
0.0
0.0
0.0
0.0
0.0
0.0
0.0
0.003781
0.0
0.0
0.0
0.001462
0.0
0.001764
0.001488
0.0
0.003666
0.0
0.002849
0.0
0.0
0.0
0.0
0.0
0.0
0.004016
0.002356
0.001206
0.0
0.0
0.001291
0.00256
0.001144
0.0
0.0
0.0
0.0
0.005496
0.004586
0.0
0.001224
0.002859
0.0
0.002864
0.005008
0.00266
0.001304
0.00265
0.0
0.001432
0.0
0.0
0.0
0.005291
0.003863
0.0
0.005056
0.0
0.00223
0.006145
0.0
0.0
6.64E-4
0.003062
0.003666
0.0
0.0
0.0
0.005146
0.00435
8.85E-4
0.0
0.006689
0.0
0.0
0.0
0.001159
0.003413
0.0
0.00256
0.0
0.0
0.0
0.001132
0.001695
0.007745
0.00531
0.0
0.0
0.001251
0.002189
0.002806
0.002463
0.0
0.0
0.002151
0.001504
0.0
0.002914
0.001142
0.001415
0.0
0.0
0.0
8.71E-4
0.0
0.0
0.0
0.0
0.005595
0.005051
0.008908
0.003539
0.003825
0.004101
0.003828
0.0
0.0
0.0
0.002323
0.0
0.005254
0.0
0.002582
0.002295
8.58E-4
0.003608
0.0
0.0026
0.003968
0.001422
0.0
0.003925
0.0
0.0
0.0
0.0
0.0
0.0
0.001308
0.009596
0.0
0.0
0.0
0.0
0.0
0.0
0.002976
0.0
0.0
0.004035
0.0
0.0
0.0
0.002884
0.002214
0.0
0.0
0.0
0.0
0.0
0.0
0.001459
0.002434
0.002287
0.001109
0.0
0.0
0.001447
0.0
0.0
0.002712
0.0
0.0
0.0
0.0
0.0
0.0
0.002622
0.0
0.0
0.0
0.0
0.002611
0.003902
0.0
0.0
0.0
0.001077
0.0
0.002778
0.001346
0.0
0.0
0.0
0.0
0.0
0.005076
0.002693
0.0
0.0
0.0
0.0
0.0
0.0
0.0
0.0
0.005002
0.0
0.0
0.002389
0.002459
0.0
0.0
0.0
0.0
0.005357
0.0
0.0
0.0
0.0
0.0
0.0
0.0
0.0
0.002393
0.002471
0.001371
0.004833
0.002476
0.001295
0.0
0.002849
0.0
0.002398
0.002513
0.001024
0.0
0.0
0.002987
0.004122
0.002287
0.002778
0.005706
0.0
0.0
0.001324
0.00275
0.001709
0.003425
0.004297
0.0
0.0
0.007477
0.00431
0.0
0.0
0.002295
0.001064
0.0
0.0
0.0
0.002674
0.0
0.0
0.0
0.006932
0.002226
0.0
0.001512
0.0
0.003835
0.004009
0.0
0.0
0.0
0.003584
0.0
0.00303
0.0
0.002003
0.0
0.0
0.0
0.001391
0.005282
0.004518
0.001256
0.0
0.00142
0.0
0.004159
0.004189
0.0
0.0
0.0
0.0
0.005155
0.0
0.0
0.0
8.0E-4
0.0
0.0
0.0
0.0
0.0
0.006553
0.0
8.89E-4
0.003915
0.0
0.0
6.29E-4
0.005199
0.0
0.001331
0.0
7.25E-4
0.0
0.0
0.0
0.009055
0.0
0.006749
0.0
0.0
0.0
0.0
0.0
0.00531
0.0
0.0
0.001472
0.0
0.001136
0.004212
0.0
9.12E-4
0.002636
0.002698
0.0
0.0
0.002683
0.0
0.001051
0.0
0.005721
0.001478
0.0
0.004197
0.0
0.0
0.002484
0.0
0.008757
0.0
0.002322
0.0
0.0
0.0
0.0
0.005322
0.001214
0.003895
0.006797
0.0
0.0
0.002256
0.0
0.0
0.0
0.002538
0.0022
0.0
0.0
0.0
0.0
0.002945
0.003439
0.0
0.002568
0.003361
0.0
0.0
0.0
0.001273
0.0
0.0
0.002664
0.0
0.0
0.002564
0.001384
0.001727
0.003775
0.0
0.0
0.002135
0.002315
0.0
0.005882
0.0
0.0
0.001362
0.002525
0.0
0.004002
0.0
0.003356
0.0
0.00236
0.0
0.0
0.0
0.0
0.0
0.005266
0.0
0.0
0.0
0.01083
0.0
0.0
0.002703
0.0
0.002971
0.004313
0.0
0.0
0.002874
0.0
6.94E-4
0.00354
0.001195
0.00102
0.0
0.004023
0.0
0.001329
0.003587
0.0
0.0
0.0
0.001454
0.0
0.002622
0.001701
0.002546
0.0
0.0
0.0
0.0
0.002787
0.0
0.0
0.002186
0.0
0.0
0.0
0.001432
0.0
0.0
0.0
9.79E-4
0.005219
0.004009
0.002438
0.0
0.0
0.0
0.002801
0.00806
0.001136
0.0
0.0
0.0
0.003685
0.0
0.0
0.001119
0.004115
0.0
0.0
0.0
0.003648
0.006734
0.0
0.0
0.0
0.002894
0.0
0.0
0.0
0.0
0.0
0.001684
0.0
0.003454
0.0
0.001709
0.003559
0.002463
0.003627
0.0
0.002582
9.69E-4
0.0
0.0
0.002459
0.0
0.003381
0.003882
0.002176
0.0
0.0
0.003553
0.002939
0.0
0.002899
0.0
0.0
0.0
0.0
0.0
0.0
0.003641
0.0
0.0
0.0
0.003678
0.001033
0.0
0.006333
9.62E-4
0.0
0.0
0.0
0.0
0.0
0.001417
0.0
0.0
0.004072
0.0
0.006091
0.0
0.0
0.0
0.0
0.0
0.0
0.0
0.0
0.005076
0.001715
0.0
0.0
0.0
0.0
0.002811
0.006539
0.008648
0.0
0.0
0.002859
0.0
0.002513
0.002609
0.0
0.0
0.0
0.002703
0.0
0.001168
0.002434
0.0
0.0
0.0
0.0
0.001182
0.0
0.00214
0.001157
0.0
0.0
0.0
0.002987
0.003975
0.0
0.0
0.002683
0.003876
0.003729
0.005181
0.0
0.0
0.002087
0.00345
0.002945
0.0
0.0
0.002154
0.001043
0.0
0.0
0.0
0.0
0.0
0.001163
0.0
0.0
0.0
0.001447
0.0
0.002195
0.0
0.0
0.0
0.001212
0.001748
0.0
0.002632
0.0
0.0
0.001467
0.0
0.0
0.00218
0.0
0.0
0.0
0.0
0.0
0.002591
0.0
0.001184
0.0
0.0
0.0
0.003127
0.002712
0.00443
0.004002
0.0
0.006713
0.0
0.0
0.0
0.0
0.0
0.0
0.0
0.007051
0.0
0.0
0.0
0.0
0.004689
0.005075
0.0
8.65E-4
0.0
0.0
0.002568
0.002693
0.002452
0.0
0.0
0.0
0.0
0.0
0.002311
5.66E-4
0.0
0.0
0.001159
9.3E-4
0.0
0.002429
0.004819
9.86E-4
0.003036
0.0
0.0
0.0
0.0
0.0
0.001019
0.002352
0.0
0.004705
0.0
0.0
0.00303
0.0
0.002627
0.0
0.0026
0.0
0.0
0.002609
0.0
0.0
0.0
0.0
0.002976
0.0
0.0
0.003922
0.0
0.0
0.002904
0.0
0.0
0.0
0.0
0.0
0.0
0.002295
0.0
0.003832
0.005133
0.002564
9.91E-4
0.0
0.0
0.00371
0.005111
0.0
0.0
0.004452
0.0
0.005435
0.001692
0.0
0.002258
0.0
0.00419
0.0
0.004044
0.0
0.002519
0.002137
0.0
0.0
0.002904
0.002844
0.0
0.002849
0.0
0.0
0.001326
0.002465
0.001704
0.001071
0.0
0.0
0.002773
0.0
0.0
0.0
0.0
0.004016
0.005665
0.001161
0.0
0.0
0.0
0.0
0.00387
0.0
0.002
0.0
0.0
0.0
0.002523
0.0
0.001485
0.001153
0.0
0.0
0.00263
0.00703
0.0
0.0
0.002904
0.002854
0.0
0.004418
0.0
0.006513
0.002834
0.004902
0.0
0.006417
0.0
0.0
0.004065
0.002483
0.0
0.006306
0.0
0.0
0.0
0.0
0.0
0.002679
0.0
0.0
0.004802
0.0
0.001045
0.0
0.0
0.003755
0.002551
0.0
0.0
0.001302
0.0
0.002764
0.002609
0.0
0.0
0.0
0.004235
0.007666
0.001398
0.004137
0.0
0.002934
0.0
0.0
0.002595
0.0
0.003041
0.0
0.0
0.0
0.0
0.00265
0.0
0.002568
0.0
0.0
0.0
0.0
0.007476
0.0
0.00142
0.002591
0.0
0.0
0.0
0.00104
0.001208
0.0
0.006116
0.002627
0.0
0.0
0.0
0.0
0.002562
0.0
0.0
0.0
0.0
0.0
0.001706
0.001434
0.0
0.0
0.0
0.004108
0.002717
0.0
0.007541
0.00251
0.0
0.0
0.005201
0.002137
0.002976
0.0
0.0
0.0
0.001434
0.0
0.001764
0.0
0.0
0.0
0.0
0.0
0.0026
0.0
0.002971
7.6E-4
0.0
0.00742
0.0
0.007629
0.002578
0.0
0.0
0.0
0.007286
0.002669
0.0
0.0
0.0
0.003869
0.003627
0.004865
0.001739
7.43E-4
0.006575
0.007774
0.0
0.007086
0.0
0.001485
0.0
0.0
0.005983
0.002586
0.002587
0.0
0.002288
0.005254
0.0
0.005021
0.002427
0.0
0.004079
0.0
0.0
0.001384
0.0
0.00117
0.004862
0.0
0.0
0.002439
0.0
0.0
0.0
0.003691
0.005517
0.006885
0.0
0.0
0.0
0.0
0.0
0.0
0.002101
0.0
0.002429
0.0
0.0
0.0
0.003322
0.0
0.0
0.006679
0.001776
0.0
0.0
0.002919
0.001254
0.0
0.0
0.0
0.00113
0.0
0.0
0.0
0.0
0.005382
0.0
0.0
0.002147
0.00223
0.0
0.002521
0.004002
0.0
0.0
0.00477
0.0
0.00245
0.001783
0.0
0.0
0.003781
0.0
0.005131
0.0
0.002914
0.003697
0.0
0.002311
0.002859
0.0
0.003991
0.002778
0.0
0.002279
0.001405
0.001692
0.0
0.0
8.73E-4
0.0
0.0
0.0
0.0
0.005146
0.0
0.002664
0.0
0.003686
8.68E-4
0.004051
0.002737
0.002087
0.0
0.002669
7.27E-4
0.0
0.0
0.0
0.0
0.002501
0.004058
0.0
0.0
0.002493
0.0
0.0
0.002841
0.0
0.0
0.0
0.0
0.003509
0.0
0.005348
0.0
0.005429
0.002613
0.003666
0.0
0.0
0.002488
0.007778
0.002568
0.0
0.00403
0.0
0.0
0.003666
0.0
0.004762
7.38E-4
0.002311
0.0
0.0
0.0
0.0
0.007092
0.0
0.00214
0.0
0.0
6.21E-4
0.00251
0.002622
0.003704
0.002664
0.0
0.0
0.0
0.001172
0.0
0.0
0.0
0.0
0.0
0.0
0.0
0.0
0.004586
0.0
0.0
0.002234
0.001988
0.002101
0.001249
0.002475
0.001483
0.003941
0.0
0.0
0.0
0.0
0.003742
0.0
0.003801
0.0
0.003935
0.0
0.001251
0.003593
0.0
0.004796
0.0
0.004016
0.003762
0.002664
8.68E-4
0.006609
0.002844
0.004204
0.0
0.0
0.001779
7.1E-4
0.0
0.003736
0.003838
0.0
0.0
0.0
0.0
0.0
0.0
0.0
0.002613
0.0
0.0
0.0
0.001863
0.002899
0.002214
0.001721
0.0
0.0
0.00491
0.0
0.0
0.0
0.003828
0.0
0.0
0.002471
0.001488
0.001005
0.0
0.0
0.004538
0.0
0.00371
0.0
0.0
0.0
0.002869
0.00387
0.0
0.0
0.0
0.0
0.005556
0.007477
0.0
0.002501
0.0
0.0
0.005665
0.0
0.001132
0.005319
0.003605
0.0
0.0
0.0
0.0
0.006806
0.0
0.0
0.00221
0.0
0.002473
0.0
0.0
0.0
0.0
0.0
0.003684
0.001008
0.0
0.001331
0.0
0.002627
0.0
0.0
0.006581
0.002889
0.0
0.0
0.0
0.005236
0.003989
0.003822
0.0
0.0
0.0
0.003621
0.0
0.0
0.003014
0.0
0.002339
0.0
0.0
0.0
0.004313
0.0
0.0
0.0
0.005085
0.002899
0.0
0.001783
0.006446
0.001447
0.005536
0.0
0.0
0.0
0.0
0.0
0.004274
0.002577
0.00504
0.0
0.003975
0.001269
0.0
0.001193
0.002275
0.0
0.001465
0.0
0.0
0.0
0.0
0.0
0.004411
0.0
0.002646
0.0
0.0
0.003581
0.0
0.0
0.002894
0.001412
0.005057
0.0
0.012137
0.003895
0.003716
0.0
0.005615
0.002582
0.0
0.0
0.007692
0.0
0.00253
0.0
0.0
0.004137
0.006317
0.0
0.0
0.007745
0.002551
0.0
0.0
0.0
0.0
0.003194
0.0
0.0
0.002295
0.0
0.0
0.005299
0.0
0.0
0.003097
0.003976
0.002834
0.0
0.0
0.0
0.0
0.001193
0.002683
0.002303
0.0
0.001168
0.002801
0.0
0.004094
0.0
0.0
0.0
0.00147
0.0
0.0
0.001566
0.0
0.001944
0.00256
0.001142
0.00425
0.010387
0.0
0.003736
0.0
0.001355
0.0
0.002055
0.0
0.0
0.0
0.006121
0.0
0.002591
0.0
0.0
0.001029
0.002864
0.003844
0.002242
0.0
0.002555
0.001085
0.002801
0.003098
0.001387
0.0
0.004005
0.0
0.0
0.0
0.0
0.0
0.0
0.0
0.0
0.002299
8.71E-4
0.0
0.0
0.0
0.010691
0.0
0.001357
0.0
0.002295
0.0
8.53E-4
0.0
0.001437
0.002568
0.0
0.0
0.0
0.0
0.0
0.0
0.0
0.0
0.0
0.0
0.0
0.0
0.0
0.0
0.003651
0.0
0.002929
6.49E-4
6.24E-4
0.003345
0.002463
0.0
0.006711
0.003855
0.001695
0.0
0.0
0.0
0.00214
0.0
0.0
0.0
0.002857
0.0
0.0
0.003989
0.0
0.0
0.0
0.0
0.0026
0.0
0.003922
0.0
0.0
0.00218
0.0
0.003848
0.0
0.001669
0.0
0.0
0.0
0.0
0.002131
0.0
0.003982
0.002547
0.0
0.004086
0.0
0.005068
0.0
0.0
0.0
0.001712
0.00118
0.002894
0.001184
0.0
0.0
0.002613
0.0
0.0
0.0
0.002646
0.0
0.0
0.0
0.0
0.0
0.0
0.0
0.0
0.001472
0.0
0.005119
0.0
0.004197
0.0
0.0
0.002405
0.001295
0.002373
0.001429
0.006619
0.0
0.00256
0.007958
0.0
0.001345
0.0
0.0
0.001408
0.0
9.82E-4
0.0
0.004108
0.0
0.0
0.0
0.002286
0.0
0.007993
0.0
0.0
0.007525
0.00295
0.003509
0.0
0.0
0.0
0.0
0.0
0.00265
0.0
0.002618
0.001825
0.0
0.00304
0.0
0.001733
0.0
0.002496
0.003716
0.0
0.002454
0.0
0.004079
0.001396
0.0
0.007273
0.003575
0.0
0.007724
0.002679
0.0
0.002683
0.0
0.0
0.0
0.004108
0.0
0.003995
0.003882
0.0
0.0
0.004737
0.0
0.0
0.0
0.004545
0.0
0.0
0.001475
0.0
0.002413
0.00783
0.0
0.0
0.002878
0.0
0.0
0.003076
0.0
0.002591
0.0
0.002869
0.0
0.004951
0.0
0.004086
0.0
0.002393
0.003749
0.00504
0.0
0.0
0.0
0.0
0.002987
0.003775
0.0
0.002874
0.003955
0.003821
0.0
0.001271
0.0
0.0
0.0
0.002914
0.00265
0.0
0.002397
