-0.015524
0.025418
0.017339
-0.011662
0.029631
-0.02617
-0.005276
-0.01008
-0.057623
-0.135835
0.002684
0.016552
0.05783
-0.00609
0.004543
0.007212
-0.05812
0.019986
0.010209
0.103532
-0.10424
-0.007492
-0.003966
0.083174
-0.042983
-0.023927
-0.005926
0.097355
0.057303
0.031921
0.033807
0.034807
-0.051359
0.024273
0.082978
-0.045243
0.045497
0.040527
0.030886
-0.030088
0.019763
0.066518
-0.003423
0.001789
-0.029591
0.031624
5.68E-4
-0.064334
-0.048665
-0.023097
0.016727
-0.026014
-0.004583
0.012911
-0.036477
0.005861
0.010356
0.039799
-0.020729
-0.049681
0.033009
-0.047451
0.023982
-0.016023
0.053041
0.020362
-0.034167
0.081074
-0.013872
0.012933
-0.022353
0.03786
0.074832
0.062789
0.019466
0.081052
0.022128
-0.068692
-0.019078
0.041876
-0.03952
0.008023
-0.017935
0.091013
0.108557
-0.048665
0.052523
0.001288
0.039297
0.009851
0.036403
0.06132
-0.028108
-0.033908
0.00957
0.016832
-0.095382
-0.018771
0.062153
0.049027
0.036055
-0.039119
0.065903
0.051534
0.053798
-0.053208
0.058251
0.037829
0.030934
-0.063534
-0.006881
-0.062559
-0.003272
0.048334
0.011886
-0.031381
-0.088213
-0.010351
0.044852
-0.007445
-0.093688
-0.060607
-0.049362
-0.022143
0.002055
0.015664
0.035077
-0.026968
0.006537
-0.08667
0.049976
0.027856
-0.025008
0.015591
-0.024731
0.045109
0.121499
-0.009285
0.036528
0.027551
0.038356
-0.042294
-0.018366
0.00287
0.036375
-0.044161
-0.054088
0.037578
-0.071457
-0.042066
0.040516
0.086922
-0.013272
-0.02576
-0.03161
-0.017043
-0.033258
-0.046464
0.009658
-0.032746
-0.032739
0.02968
0.057829
-0.071404
-0.026824
0.044788
-0.039071
-0.034558
0.009986
0.021405
0.013376
-0.010173
0.012352
-0.043186
-0.065697
0.039625
0.137587
0.075684
-0.034536
-0.00168
-0.022733
0.013561
0.023334
-0.001238
0.014034
0.038398
-9.0E-5
-0.01336
0.014151
-0.026948
0.05575
-0.083416
-0.030078
0.017175
-0.003232
-0.018785
-0.033822
-0.021991
-0.037968
0.067021
0.003043
-0.034495
0.045442
0.044174
0.049669
-0.013188
-0.068651
-0.033229
-0.027289
-0.03352
-0.027367
-0.042256
0.040197
-0.004503
-0.013065
-0.021033
0.098833
0.066385
0.057366
-0.006375
-0.063199
0.089839
-0.061742
-0.106211
0.027735
0.020088
-0.041574
-0.059379
-0.010603
-0.006133
-0.076837
0.095097
0.079705
-0.040623
-0.046163
-0.030802
0.079533
0.033918
-0.084919
-0.032827
-0.015844
-0.05902
0.062686
0.022674
-0.062189
0.022081
-0.0126
-0.002238
-0.013122
0.021752
-0.05465
0.009633
-0.032418
-0.115687
0.016152
0.046594
-0.015995
0.027619
0.018387
-0.007399
0.047549
0.017254
-0.002924
-0.072061
-0.037613
0.112906
-0.07297
-0.004497
0.077652
-0.061999
-0.009543
-0.016614
0.0165
0.037632
0.045853
-0.003457
-0.068499
0.039425
-0.01241
-0.004709
-0.00828
0.027374
3.36E-4
-0.010042
-0.073404
-0.025929
-0.039221
-0.035986
0.022051
0.098973
0.039213
-0.02661
0.010863
0.026644
0.004166
-0.062591
0.034443
-0.025985
0.009374
-0.032831
0.030578
0.042277
0.080828
0.002498
-0.002474
0.004088
-0.014441
-0.059265
0.067096
-0.036993
0.058491
-0.005949
-0.034051
0.085289
0.071474
0.05789
-0.011975
0.049419
-0.003364
-0.054397
0.015405
-6.04E-4
-0.03139
-0.061651
-0.015333
0.057809
-0.029142
0.054405
-0.007744
0.004522
0.005848
0.002851
0.065774
-0.025409
0.027295
-0.017465
-0.101678
0.029027
-0.010043
0.014987
-0.016443
0.09422
0.066347
-0.061431
0.068546
-0.002799
0.024358
0.055446
-0.010449
0.038106
-0.013903
-0.048768
-0.025857
0.074789
0.003195
0.094393
-0.025113
0.02153
0.009187
-0.005704
-0.024179
0.07187
0.056302
-0.010275
0.044674
-0.093131
-0.023674
0.006361
-0.067915
-0.005454
0.010479
-0.088888
0.058229
-0.053124
0.01197
-0.010357
0.007626
-0.003212
0.002021
0.00402
0.007458
-0.004893
0.049517
-0.03325
-0.060298
-0.008927
0.062617
-0.027269
0.133069
0.048813
-0.049725
-0.013523
-0.011162
-0.019853
0.015031
-0.015434
-0.100315
-0.072208
0.021115
0.033423
-0.027797
-0.007024
0.030793
0.09604
-0.019767
0.024362
0.041942
-0.047519
-0.017557
0.020996
-0.019126
-0.088941
0.042593
-0.012741
-2.45E-4
-0.017047
-0.030616
0.01827
0.065316
0.03829
-0.048802
-0.048134
0.007222
2.92E-4
0.010612
0.071654
0.07106
-0.048865
-0.08706
-0.014389
0.019623
0.002035
-0.003177
-0.012533
-0.049785
0.027039
0.041768
-0.062229
0.027053
-0.015298
-0.033052
0.019447
-0.009963
0.034754
0.004551
-0.045661
0.029242
0.038548
-0.022516
-0.01984
0.013165
0.003611
-0.030499
-0.032321
0.059962
-0.043283
0.046319
0.026937
-0.019359
0.045103
-0.072195
0.006861
0.028888
0.028902
0.115978
0.026408
-0.02559
-0.037881
0.006883
-0.058309
-0.024186
0.014083
0.01336
-0.022664
0.022804
-0.015032
0.014948
0.082298
0.035936
-0.016239
0.012088
0.077913
-0.05262
-0.057187
0.071429
0.038351
0.03903
0.04134
-0.045449
0.068816
0.041829
-0.014652
-0.002492
-0.033153
-0.011107
0.044842
0.04144
-0.051243
-0.085567
-0.030066
-0.051034
0.002177
0.05329
-0.075734
-0.046982
-0.007088
0.038484
0.012876
0.050232
0.021149
0.002744
-0.02314
-0.066127
0.05117
-0.041034
0.053702
0.082579
-0.050949
0.017554
0.109079
0.106646
-0.074471
-0.022157
-0.020195
0.019878
-0.030598
-0.039429
0.035448
0.069888
-0.099674
-0.112173
-0.077358
-0.043126
0.049653
-0.019242
-0.009059
-0.032015
-0.011294
-0.122586
0.010962
-0.033518
0.034439
-0.028184
-0.062265
0.039256
0.030351
-0.040872
0.073201
0.056589
7.64E-4
-0.05602
0.005302
0.088902
0.025877
0.033055
0.063636
0.059422
-0.05163
0.043741
0.02003
-0.089745
-3.78E-4
0.003522
0.064913
-0.032355
-0.045643
0.039393
-0.034632
0.006523
0.012989
-0.030209
0.045043
0.058775
0.061678
-0.006956
-0.04456
-0.083787
0.004214
-0.090094
0.003011
0.037117
-0.01632
-0.005975
0.011498
-0.097797
0.013056
-0.050906
0.004311
0.013865
0.044826
-0.067604
-0.011091
0.008653
-0.03418
0.10278
-0.020672
0.017048
-0.004357
-0.025578
-0.015416
-0.028322
-0.065944
0.026699
-0.056711
0.082209
-0.036894
0.009791
0.100984
0.082156
0.025236
-0.044296
-0.03705
0.009837
-0.0352
1.72E-4
-0.006436
0.005754
-0.024954
0.076341
-0.026262
0.006575
0.039219
-0.004787
-0.013429
-0.061914
0.025815
-0.001695
0.003913
-0.01536
-0.043192
0.042925
-0.048214
-0.011281
0.01933
0.006963
-0.037808
0.033965
0.023037
0.016098
0.042936
0.02184
-0.053384
-0.127591
-0.006008
-0.109438
-0.037857
-0.025905
-0.119172
0.023787
-0.041433
0.003456
-0.031094
-0.02379
-1.2E-5
-0.009474
0.060047
-0.003605
-0.032916
0.014847
-0.001547
-0.020311
0.025774
0.016721
-0.102054
0.039521
-0.081074
0.014873
-0.056568
0.045891
-0.083932
-0.009731
0.065698
0.00504
0.060957
-0.01933
0.056429
0.03718
-0.059042
0.035702
0.00888
-0.036221
-0.035597
-0.030529
0.070411
-0.015582
-0.050337
-0.001642
-0.058745
0.04812
-0.005059
0.028131
0.063618
0.044421
0.062382
0.015171
-0.035332
0.018787
0.016344
0.009702
0.014725
0.021636
-0.06239
0.057239
-0.026733
-0.042164
-0.053454
0.010193
-0.002172
-0.037647
0.001628
0.130939
-0.049154
-0.007693
-0.099819
-0.03979
-0.035273
-0.079246
0.037277
0.007146
0.020567
0.009901
-0.00521
0.028373
0.034642
0.00447
0.04768
0.028093
0.059495
-0.039342
-0.028424
0.032806
-0.060988
-0.011404
-0.051289
0.106534
0.072396
0.002071
-0.031088
-0.025858
0.021821
-0.034103
-0.005183
-0.023541
-0.026908
-0.030384
-0.003306
0.006683
0.013226
0.016148
-0.001375
-0.006784
-0.003039
0.022128
-0.014338
0.018009
0.029865
0.021007
0.036891
-0.02519
-0.009839
-0.073698
0.006985
0.03906
-0.024904
0.051168
0.017239
0.004552
-0.077296
0.032124
-0.005016
-0.055516
-0.002353
-0.028329
0.093461
0.033626
0.082558
0.057576
-0.041946
-0.064489
0.071278
-0.030845
0.016766
0.025993
-0.016409
0.024335
-0.018446
0.049802
0.060665
0.008001
0.042129
-0.029371
0.011429
-0.039475
0.016642
-0.024011
-0.026391
0.035905
-0.018514
0.056613
0.011672
6.34E-4
0.0125
-0.037193
0.020989
0.026834
-0.061664
-0.005928
0.031919
0.080137
-0.003312
0.061074
-0.063472
-0.114924
-0.076627
-0.004183
-0.024993
-0.054951
0.057357
-0.008441
0.017684
0.040417
-0.058968
-0.017652
0.00374
0.026223
-0.085301
-0.043817
-0.037961
0.030346
-0.175993
-0.094872
-1.5E-5
-0.035578
0.040818
0.032985
-0.001189
0.007734
0.066025
-0.024439
0.042174
0.035356
-0.044064
0.01578
0.022699
-0.034647
-0.121983
0.052139
0.031301
-0.054258
-0.034016
0.013751
0.017803
0.111097
-0.017523
-0.061465
0.020045
0.043943
0.018404
0.031754
0.025469
-0.047254
0.055775
-0.045722
0.074046
0.020708
-0.074743
0.051477
-0.015025
0.013658
-0.009753
-0.0372
-0.025916
-0.021825
-0.03499
-0.026196
-0.046424
-0.041493
-0.082525
-0.023496
-0.01638
-0.014914
-0.046586
-0.030039
-0.056097
0.079067
-0.039832
-0.024227
-0.022865
-0.0016
0.080206
-0.028118
0.023705
-0.042074
0.054226
-0.026617
-0.043492
-0.069781
-0.058711
-0.006925
0.00766
-0.035718
-0.009642
-0.006883
0.009847
0.043775
0.034049
0.087379
-0.033125
0.078134
-0.084233
-0.016603
0.016974
-0.061916
-0.040131
-0.017724
0.029517
0.025579
-0.081922
0.025379
0.035259
-0.017451
-0.007514
-0.004064
0.053199
-0.051443
0.043714
0.03002
-0.054892
-0.057428
-0.013018
0.004833
-0.090149
-0.085503
-0.03223
0.066345
0.029981
-0.016553
-0.031805
0.052119
-0.017603
0.073522
0.034637
0.084631
-0.009148
-0.019899
-0.044277
0.044069
0.059339
-0.063338
0.017977
0.071879
-0.055427
-0.002825
-0.011905
0.095925
-0.010028
0.026574
0.015892
0.043654
0.009995
0.018372
0.06053
-0.024765
-0.006688
-0.047706
0.00595
-0.033025
0.028013
-0.080334
-0.080444
-0.095811
8.78E-4
0.020888
0.031929
-0.019656
-0.010465
-0.019795
0.068846
-0.021116
-0.012988
-0.002914
-0.050004
-0.081513
-0.011988
-0.014916
0.069341
-0.026897
-0.048256
-0.02487
0.068334
0.041775
0.12392
-0.046787
-0.025001
-0.084808
0.02813
0.003037
0.052131
0.06302
0.092632
-0.005815
0.02933
0.051201
-0.010305
0.020347
-0.063475
-0.048657
0.024199
0.04547
0.049403
-0.042762
0.027047
-0.057006
0.033369
0.069999
0.038319
0.093015
0.035616
-0.044221
0.007174
0.055606
0.077701
-0.011805
0.011338
-0.060897
0.027796
-0.076759
-0.094209
-0.094056
0.041033
0.025052
0.007419
0.044266
0.018431
-0.008228
-0.015757
0.013423
-0.011302
0.027391
0.062278
0.032135
0.023543
-6.02E-4
-0.006991
-0.014598
0.057362
-0.018956
-0.037729
0.012067
0.032222
0.072671
0.016081
0.022024
-0.043806
0.030974
0.030405
0.025923
0.045746
0.005306
-0.037811
-0.068243
0.051822
-0.004895
0.045272
-0.012399
0.024272
0.015092
0.025701
-0.052466
0.070278
0.073278
0.07216
-0.009343
-0.010519
-0.027651
0.031636
-0.021931
0.083114
-0.0225
0.007474
-0.079927
-0.074562
-0.061645
-0.005814
-0.066976
0.002713
0.054726
0.028201
0.025131
-0.009099
-0.013121
-0.064768
-0.041472
-0.018175
-0.021706
-0.017473
0.07555
-0.055152
0.017747
-0.019912
0.057505
0.087207
0.074664
0.02081
-0.019059
-0.003258
-0.016045
-0.021265
0.005491
0.046696
0.050668
0.034728
0.021982
-0.0334
0.023933
-0.028715
0.102031
0.047442
-0.061477
0.024277
0.020898
0.026896
0.104201
0.024417
0.057738
-0.035527
-0.038153
-0.007143
0.010329
-0.042802
0.006611
-0.035712
-0.039341
0.102981
-0.015048
-0.026297
-0.053205
-0.023984
0.03581
-0.032172
0.054777
-0.038834
-0.028854
-0.017627
0.011316
0.023469
-0.002749
0.011251
0.058112
-0.065457
0.026634
-0.004632
-0.033661
0.069116
0.01543
-0.127189
-0.075981
-0.015003
0.080825
-0.03617
0.084835
0.012728
-0.031186
-0.074609
-0.074302
-0.056123
-0.014364
0.01261
0.023649
0.040299
-0.036601
-0.013462
0.001623
0.026725
-0.007908
0.007903
-0.001661
-0.004728
0.029187
-0.063948
0.049339
0.025106
0.045293
-0.096018
-0.01263
-0.033551
0.060516
-0.067305
0.012706
-0.03237
0.098031
0.064178
-0.034532
0.064611
-0.089845
0.072792
0.037402
-0.012955
0.050906
-0.010389
0.004662
-0.068984
0.008063
-0.058789
0.015912
-0.002652
0.036
-0.005011
0.093035
-0.06826
0.022874
0.068954
-0.031228
0.009836
-0.03083
0.037716
0.039906
0.011897
-0.026694
0.118965
0.040443
-0.001646
0.02803
0.037041
-0.041939
-0.026351
0.006634
-0.009762
-0.034628
0.001816
0.039018
-0.035252
0.058949
0.027414
-0.022721
-0.042803
-0.02986
0.019794
-0.079797
-0.038675
-0.011944
0.004077
-0.130846
-0.061006
0.08647
-0.037533
-0.039029
0.029585
0.030373
0.053782
-0.008048
0.064117
-0.035901
-0.070015
-0.075381
-0.080684
-0.022959
0.032884
-0.012642
0.074878
-0.03006
-0.023908
0.078774
0.071721
-0.058912
0.078967
0.024237
0.047201
0.048178
0.057106
0.006367
-0.047129
0.059861
-0.016372
-0.030772
0.082153
-0.006759
-0.033134
-0.049683
-0.029419
-0.049727
0.044789
0.053512
0.034181
-0.068525
-0.016351
0.053818
0.038831
-0.021749
-0.035144
-0.033044
-0.007351
0.015698
0.019347
0.0511
0.038725
0.00999
-0.057547
0.020788
-0.05145
0.027544
-0.007666
-0.039485
0.02353
-0.013663
0.04351
-0.046268
0.034774
-0.001809
0.030169
0.051466
0.005167
0.042607
-0.047805
0.01989
0.016288
0.059026
-0.058578
0.032903
0.056064
0.03207
-0.037686
0.028455
-0.004647
-0.003938
0.078965
0.068614
-0.045852
-0.023712
-0.02519
7.01E-4
-0.049798
0.003014
0.017565
-0.010311
-0.035733
-0.013116
0.033156
0.027842
-0.04128
0.002854
-0.05012
0.073466
-0.035253
0.01062
0.04065
-0.062646
0.003615
-0.049438
-0.09152
-0.127857
0.017365
0.177307
-0.087806
-0.041003
-0.017072
0.056044
-0.016691
-0.048122
0.052654
-0.055174
0.041518
0.04389
0.004149
-0.077185
-0.060865
0.006379
0.019699
-0.068315
-0.070065
0.011382
-0.043252
0.006496
0.034084
0.053311
0.051524
0.038241
-0.039777
0.03037
0.006263
0.014777
0.004134
0.0339
-0.080343
-0.014915
0.002705
-0.043798
0.010457
-0.004212
0.068731
-0.088602
-0.058204
-0.038448
-0.050362
0.026847
1.65E-4
-0.048766
0.003171
0.028596
0.07854
0.052714
0.0154
-0.00977
0.081108
0.04798
0.015785
0.048872
0.017502
-0.070671
0.053252
-0.062591
-0.045176
-0.043523
0.03122
-0.010273
-0.014839
-0.005734
-0.017225
0.003196
-0.056028
-0.001191
-0.036398
0.037947
-0.028916
0.025851
0.025174
0.021799
-0.042582
0.017834
-0.024353
-0.031621
-0.07116
0.018331
-0.034242
0.066115
0.031053
-0.050732
-0.01242
-0.004882
0.015295
0.033326
-0.063593
0.022105
-0.106623
0.053233
-0.051503
-0.017307
-0.033229
0.006587
-0.006057
0.036615
-0.007086
-0.015503
-0.003193
-0.012584
0.004197
-0.047553
0.02532
0.03899
0.003705
0.004424
-0.01742
-0.036632
0.018767
0.057052
-0.039843
0.011525
0.015435
0.02011
0.038375
-0.094192
0.046606
0.063249
-0.049554
-0.047167
-0.084712
-0.079651
-0.033032
-0.037573
-0.029441
-0.031196
-0.01815
-0.051355
-0.040005
0.008533
-0.047289
0.02343
-0.02148
0.027076
-7.85E-4
-0.020762
-0.035449
-0.023604
0.053134
0.068407
-0.037143
-0.028317
0.042948
0.024242
0.009826
-0.008636
0.002442
-0.04219
-0.072741
-0.003934
0.043305
-0.075517
-0.03459
0.017318
0.043947
-0.034882
0.079831
-0.00904
-0.021863
-0.005173
0.038171
-0.009838
0.068355
0.024739
-0.035446
0.048559
-0.004332
-0.022617
6.54E-4
-0.001405
0.031328
0.138916
-0.040551
-0.026235
0.053936
0.034884
0.042489
0.0122
-0.063183
0.018994
-0.086765
-0.003511
-0.018698
-0.091081
-0.010461
0.043512
-0.032883
-0.013595
0.007025
0.02342
0.010338
0.015501
0.054941
0.054923
0.006603
-0.055459
0.052379
0.074397
-0.035139
-0.058712
0.004394
-0.009366
-0.052907
0.041352
0.036862
-0.012189
0.038025
0.03535
-0.017534
0.009342
0.003192
-0.018969
0.083174
-0.02578
0.034035
-0.031278
-0.078693
0.026865
0.017928
-0.040796
0.014977
-0.057359
-0.030157
0.069447
-0.024714
-0.025508
0.019797
8.56E-4
-0.034057
-0.059207
0.067249
0.003683
-0.084183
-0.037149
0.008993
-0.062996
0.011103
0.035226
0.010268
-0.040568
-0.067495
0.02503
0.021585
-0.040892
0.033759
-0.002499
-0.09113
-0.073016
0.054807
-0.044049
-0.024952
-0.090518
-0.078034
0.02222
-0.053398
-0.016299
-0.066355
-0.004944
0.005639
-0.087986
-0.016618
-0.021923
0.040745
-0.04588
0.007205
-0.059111
-0.045833
-0.031367
-0.039011
-0.102687
-0.082218
0.063304
0.043582
5.23E-4
-0.02929
-0.015994
0.039499
-0.024434
0.089868
0.035911
0.02294
0.006542
0.011227
-0.023895
-0.027781
-0.045791
-0.017519
-0.011914
-0.030497
-0.05213
0.041745
0.01644
-0.025201
-0.0294
-0.098237
0.048802
0.027709
-0.072239
-0.074807
0.004698
-0.096704
-0.029019
-0.05403
0.003429
-0.018129
0.041747
0.008632
-0.023044
0.006647
-0.040933
-0.039072
-0.04888
0.003089
-0.03818
0.02741
0.057989
-0.047296
0.03652
0.034122
-0.043362
-0.056677
-0.031908
0.012083
0.029236
-0.034222
-0.011705
-0.041049
-0.079393
-0.078181
-0.033921
0.029458
-0.025742
-0.034162
0.068489
-0.038024
0.02736
0.04235
0.043912
-0.068256
0.038042
0.064275
-0.062898
-0.051492
0.023106
0.017677
0.023731
-0.029849
0.028169
-0.052766
0.011419
0.012554
0.068097
-0.048185
-0.040795
0.118154
0.056671
0.014691
-0.052373
0.075551
0.019361
0.066049
0.042977
-0.039539
-0.0284
-0.012246
0.011903
-0.014773
-0.009337
0.019726
-0.055956
-0.034331
-0.049783
-0.022977
0.002623
-0.055651
0.036115
0.014691
0.023943
-0.013256
-0.002226
-0.08243
0.011784
0.009305
-0.031864
0.013121
0.087663
-0.076468
-0.067758
-0.007609
-0.034021
0.062017
0.009164
0.01601
0.042359
-0.0254
0.034246
0.049472
0.009388
0.05969
0.052286
0.019266
0.070397
0.019935
-0.006941
0.118768
0.017169
0.054522
-0.066784
-0.031425
0.030552
0.042046
-0.056422
-0.039215
-0.032537
-0.028279
-0.021572
-0.007572
0.018748
-0.012038
0.005304
-0.01979
0.031992
-0.100508
0.032222
-0.069621
-0.035987
-0.00964
0.008853
0.03956
0.061474
0.026056
0.016491
-0.054605
-0.011365
-0.040303
0.036088
-0.006458
-3.0E-6
-0.003015
0.024506
-0.063325
-0.040165
0.109185
0.006933
-0.009345
-0.097835
0.044902
-0.024055
-0.063193
0.005218
0.086411
-0.016037
0.055401
-0.033231
-0.007216
0.001376
-0.048149
0.027957
0.108283
0.020613
-0.030023
0.037443
-0.01419
-0.026435
-0.021128
-0.002721
-0.073982
-0.016812
0.006303
-0.015873
0.020406
-0.008486
0.013024
-0.013959
-0.035903
-0.094083
0.061241
-0.091787
-0.004478
0.038049
-0.027857
0.021261
-0.049877
-0.010219
-0.005997
0.038128
-0.031056
-0.008247
-0.017972
-0.040813
-0.012129
0.008041
0.007514
-0.055059
0.035689
-0.018485
-0.045342
0.056324
-0.067789
-0.038909
-0.022183
-0.059512
-0.068593
0.030515
-0.009255
-0.02469
0.016883
-0.004906
0.026543
-0.01279
-0.024281
0.016857
-0.026191
0.031716
0.059481
-0.03432
-0.032964
-0.017306
0.017679
0.010841
0.020988
0.013208
0.037498
-0.004215
-0.049403
0.009367
-0.063651
-0.029007
0.074836
-0.074855
0.022032
0.063075
0.016947
0.008382
0.037062
0.029789
0.062075
0.012045
-0.021769
0.031671
-0.006799
-0.049556
-0.084358
-0.002458
-0.041032
0.07454
-0.072704
-0.050566
-0.039477
-5.66E-4
-0.057841
0.002375
-0.012444
2.3E-5
0.03749
0.002557
-0.065173
-0.044029
-0.052285
0.035093
-0.093294
0.017308
0.001038
0.041678
-0.06838
0.023109
-0.011596
0.044662
0.034239
0.02034
-0.069657
0.018897
-0.01008
-0.023092
-0.076277
-0.022483
0.027219
-0.100371
-0.044376
0.046325
-0.024925
0.059792
0.065482
0.026235
0.030694
-0.010532
0.008288
-0.040463
-0.043011
-0.045269
0.029507
-0.074906
0.0546
0.082504
-0.051905
-0.054205
0.028867
0.001396
0.044894
0.061124
-0.044224
-0.007159
0.076861
0.063572
-0.01823
0.078789
0.022336
0.088966
-0.08818
0.015986
0.024895
-0.007347
-0.006859
-0.12893
-0.089431
-0.028741
-0.003422
-0.051724
0.040081
-0.071947
0.017326
0.065201
0.106144
-0.025177
0.002652
-0.010256
-0.027654
-0.014382
-0.044101
-0.048383
-0.058969
0.069631
-0.019123
0.057444
-0.013678
0.02589
-0.059159
-0.071181
-0.01334
0.024935
0.035021
-0.00566
0.047834
0.059043
0.044465
-0.105818
0.010708
0.076534
0.035428
-0.020559
-0.018665
0.040607
0.044239
-0.06948
0.017166
0.038341
0.009307
-0.019976
-0.124442
0.024299
-0.047436
-0.052489
0.05464
-0.002898
-0.005722
0.015584
0.076505
0.03582
0.01789
-0.002664
-0.040517
0.021803
0.036839
0.03934
0.032714
0.011689
-0.045765
0.016665
0.043037
0.022069
-0.048244
0.087056
0.063218
0.083185
-0.061914
-0.036658
-0.013826
0.015096
-0.061025
-0.031817
0.027985
0.053327
0.038338
-0.002741
-0.051089
0.039284
-0.011192
0.095182
-0.023674
-0.066262
0.051665
0.098699
-0.0571
-0.023006
-0.029433
0.021743
0.014353
-0.049096
0.017873
-0.003681
0.041754
0.04662
-0.035191
-0.004474
0.063135
0.056051
-0.013875
0.027244
0.005896
0.01435
-0.018996
0.014013
-0.048905
-0.135355
0.067046
-0.00727
0.002878
0.039325
0.029772
1.7E-4
0.045536
0.00141
0.012361
-0.056157
-0.031544
0.040172
0.061551
0.012344
0.050519
-0.014213
-0.02051
-0.028196
0.020177
-0.072995
-0.070957
-0.052216
0.02923
0.012875
-0.02746
-0.062956
0.021342
0.034948
-0.008207
-0.033669
-3.06E-4
0.040511
0.00134
0.048998
0.029416
-0.006464
-0.039926
0.04612
-0.04931
-0.015901
-0.017386
-0.083754
0.053061
0.016503
-0.024704
-0.048503
-0.089637
-0.058529
0.040145
2.2E-4
-0.018715
-0.022516
0.042905
-0.054679
-0.045634
0.065147
0.050557
0.023961
-0.061077
-0.016154
-0.010225
0.034686
-0.10339
0.054021
-0.047221
-0.065348
-0.028666
0.007793
0.0458
-0.005274
0.092597
0.033973
0.080397
0.046741
-0.081001
0.070468
0.022194
0.056977
-0.061285
0.046856
0.032973
-0.019278
-0.014391
-0.019333
0.087797
0.023139
-0.058679
-0.010943
-0.039531
0.040266
-0.046471
0.013089
0.058306
-0.02233
0.017242
-0.046739
0.052293
-0.006016
0.018414
0.001294
-0.062541
-0.055725
7.6E-5
0.01592
-0.014199
0.054167
2.99E-4
-0.043183
0.08239
0.120423
4.15E-4
0.03022
-0.051423
-0.089673
0.054095
0.008859
-0.037293
-0.054082
-0.01315
0.023867
0.017014
-0.030136
-0.008115
0.011138
0.010382
-0.053363
0.043834
-0.057458
0.031975
7.25E-4
-0.034951
0.0288
0.043331
-0.027181
-0.008271
0.006258
-0.023997
-0.011621
0.081597
-0.118277
0.026482
0.075609
0.083567
-0.062439
0.081161
-0.054373
-0.008241
-0.141282
0.001573
0.036991
0.001515
0.009631
0.042147
-0.02273
-0.012208
0.055938
0.015932
-0.035908
0.018402
-0.003512
0.003863
0.003383
-0.065068
-0.031171
0.027886
-0.044718
-0.061254
-0.006277
0.019248
-0.023885
-0.024433
-0.019319
0.019852
-0.005951
0.033127
0.028756
0.02755
0.056709
-0.007371
0.066454
-0.064514
-0.035712
-0.005578
0.016277
0.025018
0.010902
0.06335
0.048855
0.076717
-0.016167
0.040825
0.076715
0.017711
0.009416
0.029671
-0.016202
-0.010548
0.027106
-0.024723
0.039312
0.016812
0.011463
-0.075799
-0.005249
0.026657
0.060066
0.025337
-0.012047
-0.053013
0.019886
-0.020994
0.008135
0.05999
-0.043655
-0.085694
0.039953
-0.003796
-0.068617
-0.015757
0.007302
-0.014448
-0.059421
0.0205
0.010802
0.071394
-0.003274
-0.089093
0.038999
-0.067713
0.088802
0.107161
-0.001803
-0.066118
-0.015834
7.96E-4
-0.034037
-0.00907
-0.044173
0.025095
-0.00806
0.029375
-0.010869
-0.003043
-0.031048
-0.021309
0.030119
0.060019
-0.042902
0.032929
0.005973
0.050226
0.055397
-0.013445
-0.048379
0.016308
-0.0088
0.077975
0.008617
0.038093
0.035246
-0.012892
0.067532
0.009647
-0.014448
-0.025578
0.045614
0.066694
-0.027877
0.072459
0.023947
-0.08566
0.051536
0.047031
-0.008462
0.038784
-0.014505
0.007544
-0.080846
-0.005264
-0.008558
-0.003561
-0.046291
-0.057695
-0.022168
0.045742
-0.033719
-0.024011
0.060518
0.038436
0.031954
-0.040782
-0.075723
0.08199
0.04361
-0.022031
-0.063068
-0.018239
0.035846
-0.051656
-0.091169
-0.087646
-0.016227
-0.007383
-0.021107
0.034582
-0.022954
0.019726
-0.071401
0.01924
0.010967
0.021417
-0.004572
-0.045259
0.016798
-0.040218
-0.005889
0.081955
-0.095651
-0.029863
-0.009763
0.012771
0.011423
-0.008347
0.023336
-0.051096
0.076922
-0.048163
0.058661
0.009667
0.007565
-0.028366
-0.059356
0.024909
-0.044366
-0.019484
-0.023827
-0.012519
0.032586
0.037405
-0.04314
-0.066059
0.047988
0.047341
-0.06848
0.03025
-0.078786
0.003875
-0.010807
0.019366
0.101342
-0.117567
0.003655
0.014244
-0.025566
0.043412
-0.045654
0.024168
0.081266
0.002536
-0.007296
0.017745
0.001866
0.055062
0.022846
-0.008858
0.030675
0.008301
0.024274
-0.081326
-0.009002
-0.060283
0.029954
-0.063415
-0.101643
0.014235
-0.042671
-0.005923
0.028082
-0.001391
-0.051789
0.014949
-0.009466
-0.080502
-0.014959
-0.023272
0.019036
0.037169
0.011933
-0.008714
-0.012956
0.04064
0.019866
-0.02015
0.012254
0.004437
0.005842
0.032579
0.034014
-0.002154
-0.049646
0.065619
-0.045019
-0.008467
-0.072498
-0.007509
0.03174
-0.00796
0.053783
-0.030304
0.042169
0.062668
0.044067
0.001225
0.038415
-0.030152
0.016066
-0.018739
0.002153
-0.071715
0.014684
0.064352
-0.005099
0.006765
-0.050206
-0.012247
-0.029459
0.049837
7.77E-4
-0.032892
-0.047791
-0.024883
0.055904
0.050016
0.023942
-0.078052
-0.053419
-0.013459
0.042836
-0.03072
-0.064645
0.037736
-0.03041
0.03359
-0.004578
-0.007027
-0.010494
-0.040078
-0.041079
0.003839
-0.021464
0.073845
0.050628
-0.046791
-0.015721
0.028404
-0.026823
0.067105
0.049882
-0.052709
0.047893
0.062479
0.02277
-0.019396
0.019363
-0.006451
-0.079363
0.012485
-0.034236
-0.069822
0.055892
-0.005539
-2.52E-4
0.005779
-0.026318
0.016887
0.044769
0.01779
-0.047022
-0.001375
0.055488
0.021258
-0.028734
0.027466
-0.013559
0.032904
0.048203
-0.036579
-0.018239
-0.023337
0.026389
-0.062466
-0.045774
0.049968
9.76E-4
0.020836
0.058447
-0.031287
7.94E-4
-0.062981
-0.03078
0.039878
-0.097664
-0.071781
0.047043
0.023257
-0.008985
-0.089757
0.001843
-0.005027
0.081553
-0.005678
0.066288
0.004593
0.017305
-0.064171
0.007828
0.040192
-0.040797
0.013957
0.032163
0.011304
-0.06013
0.058813
0.04388
-0.038842
0.005261
-0.062469
-0.090944
0.065646
0.003415
-0.061235
0.02786
-0.079987
0.066084
-0.09411
-0.049695
-0.030274
-0.082501
0.002648
0.027729
0.006977
0.073219
-0.055659
-0.018387
-0.070403
-0.020625
-0.002056
0.098507
0.06263
-0.019992
-0.00778
-0.038754
-0.065621
0.020599
-0.005697
-0.015437
-0.027207
0.035703
0.125328
0.081393
-0.037201
0.010154
0.008257
-0.034763
0.010285
0.052676
0.057233
0.034971
0.050749
-0.028778
0.036885
0.06877
0.040506
0.013219
-0.017912
0.026344
8.67E-4
-0.046118
-0.024389
0.10766
0.012642
-0.012417
-0.020715
-0.044459
-0.016392
-0.080656
0.054834
-0.031008
-0.022533
0.002704
-0.022375
-0.045428
-0.031829
-0.050901
0.039882
-0.098457
0.025708
-0.044934
-0.065497
-0.074395
0.035021
-0.015432
0.010198
-0.029108
0.017706
0.067028
-0.025045
-0.018522
-0.106517
-0.054972
0.049962
0.033102
-0.019014
0.057357
-0.009093
-0.036333
-0.070483
0.029841
-0.010718
0.017888
0.026221
-0.021436
0.021953
0.004297
0.002444
-0.051454
0.030679
-0.045
-0.02727
0.08926
0.034431
-0.002076
0.010982
-0.069996
0.006674
0.01754
-0.059679
0.01523
-0.082658
0.079101
0.042516
-0.071646
0.015003
0.048713
0.008503
0.012583
0.045983
-0.079617
-0.026834
0.06255
0.037416
0.046307
-0.024397
0.020569
0.064966
-0.032582
0.001027
0.064125
0.062412
-0.013964
-0.076225
-0.05196
-0.002007
0.003192
-0.067581
-0.045504
-0.047104
-0.030387
-0.006796
-0.044951
0.05111
0.055835
0.060273
-0.014087
-0.057191
0.005979
-0.06208
0.038994
0.017415
0.001027
0.072301
0.007109
-0.043746
0.022791
-0.009404
0.009454
0.03786
-0.020253
-0.018741
-0.028148
0.030105
0.026953
-0.025814
-0.003991
-0.022126
-0.02986
0.060727
-0.054503
-0.031047
-0.072473
-0.04548
0.029425
0.015528
-0.037293
-0.023643
0.036248
0.013626
-0.011665
0.062628
-0.022229
-0.043043
-0.018936
-0.086601
-0.056383
-0.017733
0.014572
-0.014955
-0.05393
0.035017
-0.006577
0.051288
-0.014384
0.019129
0.003662
-0.013708
0.060085
0.043425
-0.063758
-0.060559
0.026639
0.015702
-0.04196
0.013288
0.023275
-0.06334
0.026157
-0.012754
0.015372
0.071233
-0.002255
-0.013071
-0.024397
-0.032205
-0.003673
-0.017703
0.065343
0.07132
0.081344
0.042207
0.041604
-0.036104
-0.030765
0.047885
0.012638
0.010955
-0.012224
-0.048963
0.072323
0.054042
0.029332
0.015934
-0.037239
0.036315
0.009426
0.032716
-0.020404
-0.045872
0.01685
-0.051419
-0.008268
0.083415
0.009768
-0.027304
-0.071994
-0.044777
-0.059495
-0.001882
-0.02315
0.019768
-0.035677
-0.101092
-0.01908
0.00356
0.070512
-0.107222
0.058821
-0.005996
-0.047347
0.036046
-0.069419
-0.096974
-0.038713
0.011292
0.043287
-0.040901
-0.085708
2.75E-4
0.048011
-0.023675
-0.090727
0.008353
0.017214
-0.069578
0.004493
0.023548
-0.006392
-0.023989
-0.060837
-0.039332
-0.020166
-0.068885
-0.020968
0.054926
-0.008837
-0.023854
0.020228
0.04149
-0.011778
0.009228
0.029819
0.012081
-0.028981
-0.0242
0.003006
0.009036
-0.070546
-0.098271
-0.043697
-0.021098
0.005893
-0.028134
0.014306
-0.011825
0.00932
-0.008115
-0.022027
-0.024723
-0.024424
-0.011501
-0.01738
0.069356
-0.018221
-0.054452
-0.056617
-0.018207
-0.019396
0.009301
-0.01453
0.003834
-0.062968
0.041527
-0.001776
0.007595
-0.045741
-0.030073
-0.00378
-0.005499
0.063129
0.056378
-0.009686
-0.028518
0.038778
-0.002335
0.055803
0.018827
0.030284
-0.013164
-0.057144
-0.049168
0.01074
-0.05019
0.057497
4.49E-4
0.007888
0.036267
0.045474
0.021362
-0.077079
-0.05685
-0.051748
0.021434
-0.034262
0.012971
-0.006547
-0.083572
-0.032758
-0.062711
0.054666
-0.048127
0.043563
-0.016836
0.050484
-0.05366
-0.017807
0.020069
-0.068297
0.007694
0.016091
0.030948
0.063359
0.096594
0.069515
-0.009273
0.002197
-0.069577
9.03E-4
0.048494
0.011837
0.040286
0.042436
-0.029441
-0.031354
0.028038
0.013845
-0.007228
-0.075509
-0.009257
-0.034139
-0.036828
0.09452
0.029408
0.066301
-0.024603
-0.00434
-0.09468
-0.051135
0.038911
-0.001129
0.093126
-0.030992
0.018743
0.046528
-0.02142
-0.030693
-0.017739
-0.01056
0.022694
0.04368
-0.040424
0.028272
0.028813
0.043226
-0.014145
0.010638
-0.053529
0.012823
0.062202
0.0424
-0.006978
-0.032591
-0.039898
-0.129195
0.084662
-0.094609
0.059909
-0.033646
-0.115602
0.05841
-0.013465
0.032658
-0.015232
-0.02391
0.00379
-0.083112
-0.019254
0.031358
0.069585
-0.0107
0.022471
-0.071735
-0.022794
0.033478
-0.020334
-0.066611
-0.011349
-0.024022
-0.031914
-0.033074
0.075125
-0.001446
0.027054
-0.008665
0.018165
0.030996
0.054393
0.004738
0.060201
0.001971
0.006833
0.068574
0.049803
-0.012523
0.019145
-0.040341
0.012823
0.062446
-0.044961
0.019509
-0.01955
-0.049024
0.049274
-0.041287
0.036449
-0.006865
0.019275
0.045504
-0.054928
-0.007773
-0.012465
-0.062504
0.046981
-0.004486
-0.074257
0.022912
-0.095844
-0.015313
-0.04321
-0.02017
0.087763
0.0495
0.008584
0.004396
-0.015797
-0.020807
-0.023659
-0.061959
-0.060873
-0.022592
0.007992
-0.004958
-0.003601
-0.102145
0.093085
0.050935
0.068852
-0.035835
-0.006242
-0.082926
0.00388
0.004656
0.008568
-0.089027
0.0591
-0.042369
-0.048236
-0.004005
0.026756
0.00471
-0.022906
0.054139
-0.106258
-0.021681
0.024328
-0.042994
-0.07473
-0.013184
0.076683
0.099289
-0.043644
-0.053934
-0.033322
-0.003305
-0.058105
0.055021
-0.036868
-0.006396
0.011579
0.010199
-0.026915
0.037748
-0.023684
-0.001706
0.122738
0.05174
0.023949
0.095107
0.074581
-0.040745
0.00534
0.007242
-0.003946
0.039213
-0.018272
-0.009017
-0.086519
-0.032644
0.014525
0.054175
0.07845
-0.027323
0.082623
-0.075801
0.052167
-0.003342
-0.028522
0.135853
0.00953
0.028375
-0.017469
0.011763
0.060249
-0.048077
0.039436
-0.090961
-0.020951
-0.046811
0.019066
0.064745
0.005793
-0.002505
-0.015182
0.042362
0.019291
-0.003622
-0.064314
0.056524
0.018334
-0.039182
-0.031385
-0.024632
0.020423
-0.05421
-0.016025
-0.024664
-0.019456
0.095573
-2.45E-4
0.060351
-0.015031
0.100101
-0.058258
-0.027043
0.042623
-0.046016
0.011465
0.043175
-0.044963
-0.088723
0.022363
0.062395
0.047859
-0.032504
0.060314
-0.010406
0.028823
0.066166
0.001492
-0.037808
-0.069796
0.075643
-0.08263
-0.057616
0.015928
0.060835
-0.067026
-0.027041
-0.061662
-0.050297
-0.096725
0.065503
0.042763
6.61E-4
-0.007225
-0.027961
0.045897
0.003877
0.003827
0.008324
0.029933
-0.067337
0.030551
-0.046405
0.025409
-0.093588
-0.084697
0.089597
-0.063666
0.022345
-0.002575
-0.047688
-0.037225
-0.087061
0.03875
-0.037042
0.012499
0.046136
-0.008706
0.025108
-0.005238
0.013662
-0.050708
0.074023
-0.00887
-0.005407
0.007893
-0.041392
0.024264
-0.055379
-0.052169
-0.009501
-0.069726
0.035837
0.025962
-0.052461
0.003462
0.012894
0.006414
-0.006037
-0.025176
-0.007774
0.002525
-0.023088
0.05932
-0.001459
0.025698
0.028336
-0.021503
0.013468
-0.015724
0.046608
0.053201
-0.02241
-0.002243
-0.001907
-0.032447
-0.027524
-0.063828
0.061005
-1.03E-4
0.011396
0.017464
0.019943
-0.035616
-0.013149
-0.054209
0.011765
-0.066822
-0.017826
-0.0666
-0.004789
0.018667
0.087308
0.048696
-0.033478
0.040556
0.008343
-0.109647
-0.003407
0.060459
0.075072
0.035008
0.022396
0.06657
0.062149
0.039127
-0.089193
-0.135877
0.043142
-0.051399
0.010426
-0.043788
-0.011029
0.058605
-0.005211
0.013047
-0.030243
0.013341
0.028606
-0.02369
0.00264
-0.039685
-0.015996
-0.008641
-0.059184
0.074196
0.097935
-0.045296
-0.083171
0.029357
1.19E-4
0.11211
0.061359
-0.002389
-0.04379
-0.043301
-0.007577
-0.003297
3.0E-5
-0.002718
-0.036855
0.082814
-0.025034
0.018422
-0.051196
0.065569
0.025034
0.012062
-0.036009
-0.051785
0.004145
-0.039952
-0.072246
-0.048224
-0.029805
-0.034021
-0.004353
-0.014081
0.006548
-0.049152
0.067687
-0.016786
-0.03273
0.033044
0.097646
0.068364
-0.030555
0.012149
-0.011911
0.002455
-5.86E-4
0.074873
0.018124
0.07128
0.04542
-0.02824
-0.079638
-0.038464
0.003001
0.05543
0.020933
-0.025619
0.030572
-0.061187
-0.009258
-0.125393
0.041537
0.023712
0.094122
-0.011806
-0.029437
-0.028966
0.012703
-0.037858
0.005504
-0.0238
-0.016235
-0.024761
0.0169
0.020377
-0.059843
-0.015568
0.046672
-0.030851
-0.00588
0.075574
-0.047608
-0.021347
-0.015293
-0.014612
-0.11298
0.013164
0.076805
-0.023437
0.021442
0.008272
-0.006747
0.015459
-0.024123
-0.048051
0.025657
-0.030313
-0.024634
0.050467
0.019636
-0.078786
-0.040113
-0.026838
0.026386
-0.025969
-0.091282
0.027015
0.007177
-0.02897
0.015662
-0.091099
-0.029737
-0.055768
0.057639
-0.036901
-0.097994
0.014386
-0.016312
0.082276
0.035005
-0.04536
-0.028959
-0.071807
0.05478
0.015855
-0.077638
-0.010557
-0.03069
-0.056324
0.017735
0.010063
-0.039575
-0.045151
0.004234
0.006658
-0.053101
-0.015637
0.048249
0.007049
0.065448
-0.05818
-0.028542
9.7E-4
0.061646
-0.047597
-7.49E-4
-0.004008
0.03599
-0.046141
-0.01606
-0.01004
-0.014029
0.031218
-0.004548
0.084043
0.044867
0.011214
0.026001
0.023641
0.069349
-0.094481
0.040098
9.31E-4
0.018957
-0.046736
0.077277
0.067679
0.004803
-0.017915
-0.064113
0.013041
-0.022254
-0.018857
-0.018546
-0.060819
0.047326
0.005811
0.03896
0.004389
0.037157
0.027147
0.030169
0.029289
0.025955
0.063613
-0.002816
-0.003585
-0.047861
0.036614
0.033372
-0.020061
-0.055046
0.011879
-0.078296
-0.025016
0.024696
0.07386
0.010999
0.044208
-0.009401
-0.121364
-0.013698
-0.094583
0.014646
0.015607
0.046768
-0.009827
0.065333
-0.001462
0.079655
-0.07036
0.023437
-0.045811
0.03208
0.011998
-0.05547
0.053575
0.04766
-0.064023
0.042121
0.027992
-0.027817
0.044015
0.026891
0.034799
0.050871
0.00793
-0.024052
-0.045017
-0.009855
0.087458
-0.038796
8.92E-4
0.010473
0.011111
-0.017788
0.034673
0.039774
0.040218
0.0265
0.086306
0.055206
0.022334
-0.023078
0.045189
0.006791
0.132567
0.026023
0.040016
-0.071859
-0.039547
0.018346
7.49E-4
-0.055034
-0.013605
0.043536
0.001828
0.008373
-0.06165
-0.002586
0.001541
-0.064723
-0.072441
-0.020965
0.028847
-0.080344
0.021606
0.010105
0.006232
-0.078019
-0.026861
0.016143
-0.061807
0.053342
-0.054389
-0.039273
-0.019316
0.046319
-0.073623
0.063044
-0.055373
0.036965
0.047399
-0.04352
8.82E-4
0.012408
0.020086
0.031186
0.05557
-0.07717
-0.052631
0.021848
-0.028503
0.011088
0.010507
-0.041372
-0.040689
-0.039253
-0.055855
0.092591
-0.1097
-0.04749
-0.002581
-2.87E-4
-0.033062
0.018584
0.021778
0.034894
-0.0544
0.050675
0.056532
-0.026852
-0.065442
-0.086917
-0.009997
-0.037799
-0.081813
-0.048335
-0.004918
-0.033922
0.044215
0.068157
-0.026528
-0.086032
-0.084941
-0.051759
0.058676
0.072675
0.038653
0.018345
0.080983
-0.003284
-0.022822
-0.007104
-0.04994
-0.054551
0.032676
0.044782
0.06442
0.022231
0.13384
-0.01162
-0.064463
-0.030662
0.033541
-0.022216
-0.030465
-0.068172
-0.054883
-0.052792
0.063048
-0.015517
0.02907
0.006347
0.053442
-0.078799
0.047956
0.021904
-0.010957
-0.008328
0.043322
-0.003118
-0.021639
-0.006256
0.03628
0.015896
0.017761
-0.004297
0.019869
0.040628
0.114739
-0.042181
0.020284
-0.002466
0.009019
-0.036268
-0.029605
-0.091375
-0.053339
0.054901
0.004382
0.049469
0.057806
-0.019234
-0.038065
0.076416
0.043565
-0.006688
0.012626
0.088728
-0.037254
-0.020036
0.049161
0.034655
-0.0732
-0.065491
0.041266
-0.04612
0.05107
-0.073423
0.030941
0.034805
-0.016986
-0.047407
-0.066514
-0.021755
-0.025306
0.0165
0.052898
-0.046902
-0.004778
-0.009902
-0.009204
-0.023437
-0.027542
-0.092258
0.039568
0.055078
0.037998
0.045513
-0.029382
-0.080858
0.007109
0.011199
-0.031721
0.025637
-0.02838
0.027297
0.038282
0.03312
0.018669
0.030744
-0.040867
-0.031354
-0.027085
-0.029567
0.076902
-0.056439
-0.038724
0.01471
0.014428
-0.012948
0.074774
0.056549
0.015014
0.090228
0.051777
-0.082164
-0.017347
-0.08157
0.030638
-0.012315
-0.095865
0.041455
0.008472
0.077778
0.010734
-0.080977
0.027287
-0.055
0.026663
-0.104723
-0.053205
0.05907
0.017238
-0.026678
-0.021162
0.040262
-0.001868
-0.077666
-0.05846
-0.033611
-0.015372
-0.111295
-0.037173
0.027267
0.023049
0.081546
0.017762
-0.053489
-0.050593
0.072984
-0.026846
0.008953
-0.008496
-0.038774
-0.008906
-0.065415
-0.02149
-0.03977
0.026044
-0.134933
-0.009149
0.062818
0.041286
0.06791
-0.060224
0.011998
0.026201
0.044997
-0.036061
-0.01552
0.022967
0.043168
0.051655
-0.039925
0.034787
0.035092
0.025331
0.042854
0.02373
-0.073491
-0.009171
0.048905
0.001575
0.05277
-0.047362
0.019929
0.038078
0.021183
-0.01461
-0.039296
0.023067
-0.100334
-0.067088
0.025324
0.015429
-0.083947
-0.062451
-0.064709
0.010502
0.042296
-0.112574
0.008417
-0.028563
0.025367
-0.001937
0.04171
-0.023811
0.017177
-0.051163
-0.050385
-0.01245
0.012165
0.062397
-0.079291
-0.03093
0.083482
-0.118219
-0.065947
0.017622
-0.00166
-0.038141
-0.053055
-0.057867
-0.048703
0.013041
4.69E-4
0.016398
0.005294
-0.048857
-0.065829
0.015531
-0.060428
-0.032305
-0.044231
-0.009014
0.014964
-0.053787
0.002552
0.093289
-0.055429
0.023225
-0.053996
0.071399
0.019878
0.065749
0.011361
-0.011987
-0.005408
-0.086037
-0.071204
-0.01127
-0.007845
-0.06731
-0.017366
-0.057265
-0.010951
-0.050682
0.017045
0.058341
-0.00486
0.074103
-0.032749
-0.061723
-0.00154
0.027169
0.02238
-0.058063
-0.007917
-0.082645
-0.05212
-0.041236
0.065893
-0.026749
-0.014927
-0.025501
0.026758
0.078416
-0.005425
0.039075
0.080525
-0.044543
-0.014118
0.048237
0.034351
0.141822
0.010824
-0.017107
0.026827
-0.027771
-0.053498
-0.027217
0.084917
-0.043719
0.047628
-0.044373
0.018917
0.112954
-0.034811
-0.093615
-0.009089
0.027289
-0.006338
0.037709
-0.018631
-0.04378
-0.076479
0.005461
-0.023444
0.006858
-0.050991
0.04577
0.064363
0.064735
0.090498
-3.57E-4
0.018771
0.004436
-0.097126
0.034393
0.049554
-0.053835
-0.087098
0.00376
-0.030845
-0.038652
6.34E-4
0.007112
0.053232
0.034735
0.036238
-0.018211
0.023118
0.029323
-0.018215
0.026073
0.062091
-0.04985
-0.064435
0.025211
-0.043241
-0.047295
-0.021575
-0.035545
-0.119171
-0.004231
-0.043789
0.043318
0.034489
-0.061816
-0.042882
0.012576
-0.005827
0.008129
-0.004724
0.024792
-0.043583
-0.03903
-0.013149
-0.032078
0.043465
-0.052992
-0.003179
-0.034575
-0.031913
0.01552
0.092728
0.035799
-0.003595
0.067578
-0.018988
-0.003275
0.070429
0.07444
-0.010444
-0.00948
-0.022391
-0.044938
-0.037583
-0.048861
0.018808
-0.014918
-0.001244
-0.002819
-0.007484
0.014314
0.058884
0.048656
-0.001234
0.011497
-0.007384
0.0
-0.017636
-0.004637
0.010977
0.02463
-0.050684
-0.029333
-0.039068
0.002996
-0.017527
0.07239
-0.018447
-0.035893
-0.038778
0.050189
0.027117
0.038077
0.062998
-0.066763
-0.031141
-0.00667
0.026863
0.113097
-0.010891
0.039367
-0.004347
0.011773
-0.00508
-0.040135
-0.076869
0.001974
0.004453
-0.00152
-0.01761
-0.002928
-0.058265
0.059639
0.00135
-0.045896
0.03172
-0.099389
-0.064711
0.017789
-0.041932
0.029272
0.063069
-0.007911
0.08692
-0.018488
0.074189
-0.022989
0.030683
-0.053474
-0.048755
-0.05049
-0.023338
-0.011023
-0.011784
-0.063876
0.098826
0.026266
0.011536
0.053381
0.015423
-0.013153
0.069373
0.008326
0.071262
-0.131972
-0.07352
-0.014474
0.008598
-0.026768
-0.03063
-0.001406
-0.037375
-0.011335
0.004123
-0.024815
0.069769
-0.058042
-0.053479
-0.006703
-0.009178
0.037216
-0.019063
-0.006593
-0.065595
0.049729
-0.029348
0.027603
-0.060176
-0.022766
-0.002866
0.043172
0.070255
0.014677
-0.059787
0.007681
0.065329
0.058556
-0.017111
0.073053
-0.028531
0.035112
-0.010545
-0.001686
-0.145657
0.014751
0.090384
-0.013226
-0.013577
0.077933
-0.075168
-0.024471
-0.090779
-0.014247
0.050266
-0.066421
-0.040142
-0.034565
0.029882
0.055493
0.00833
0.035589
0.032984
0.02205
0.005141
0.058854
0.096876
-0.00466
-0.035231
0.007538
-0.071187
0.011621
-0.101419
0.126655
0.025398
-0.023071
9.12E-4
0.005712
-0.065939
-0.058813
-0.009756
-0.035495
-0.032874
-0.009477
-0.012215
0.079092
-0.076979
-0.017124
-0.01912
-0.021947
-0.037587
-0.018529
-0.010055
0.006777
0.008324
0.035602
-0.002088
0.014773
-0.050424
0.034646
-0.038816
0.036712
0.031104
0.008165
0.004271
-0.017043
0.018481
0.067126
-0.095797
-0.048491
0.019592
-0.018167
0.014414
0.082487
0.041398
0.075667
-0.035775
-0.060009
0.087026
-0.002869
0.037999
0.061089
0.033919
0.01503
0.009868
0.045266
0.033874
-0.008037
0.06634
0.083922
0.003315
-0.018983
-0.013276
0.001589
0.022385
-0.036201
0.09016
0.033399
0.086292
-0.024635
0.039748
0.047951
0.023526
-0.015767
-0.023541
-0.040789
0.088133
-0.063117
-0.049679
-0.069109
0.013933
-0.026215
-0.017759
-0.045076
0.056714
-0.084054
-0.051622
0.079623
0.01454
-0.060524
-0.070984
-0.064228
0.02798
0.022877
0.002362
-0.005548
0.029902
-0.043835
-0.009523
0.031019
-0.008253
0.008464
0.007203
6.25E-4
-0.023597
0.044521
-0.089467
-0.019065
-0.023344
0.045781
-0.004907
-0.068382
-0.037628
0.012535
-0.017524
0.009013
-0.099462
-0.038616
0.039343
-0.02401
-0.087735
0.018407
0.029405
0.101199
-0.004388
-0.027463
0.00551
0.028576
-0.014278
0.011893
0.061792
0.037839
0.086151
0.006565
-0.045669
0.003614
-0.012089
0.006604
-0.024485
-0.036771
0.06365
0.062405
0.024187
0.03365
-0.098129
-0.111531
-0.001023
0.031348
0.002147
-0.022261
-0.031305
0.003417
-0.001592
0.065119
-0.002419
-0.042665
0.066019
-0.002043
-0.039342
0.022485
-0.044808
0.002834
0.056028
-0.018063
-0.001088
-0.111705
0.041154
0.015404
-0.015298
0.00279
-0.040022
0.034988
0.002443
-0.003858
-0.031246
0.040943
-0.014341
-0.078139
-0.032379
-0.047721
-0.054589
-0.069915
0.055381
0.009225
-0.024135
-0.045618
-0.029326
-0.164292
-0.014708
-0.008427
-0.005091
-0.046712
-0.039492
-0.006351
-0.044434
0.022781
-0.037906
0.037729
0.043037
0.007979
-0.001979
-0.005048
0.081985
-0.058066
-0.026841
0.007421
0.05127
0.062243
0.022646
0.03526
0.006277
-0.071802
0.02531
-0.047572
0.007319
0.053736
-0.007339
0.107523
-6.3E-4
0.06779
0.055535
0.085463
0.009442
0.02913
-0.077844
-0.054535
-0.001979
-0.026454
0.044227
0.016621
-0.039272
-0.111066
0.029778
-0.028873
0.047773
0.072443
-0.045534
0.10675
0.009345
-3.0E-5
-0.015329
-0.061258
0.016579
-0.004466
-0.0095
0.008908
-0.053648
-0.02565
0.005995
-0.002635
-0.035948
-0.038433
0.03761
0.023438
0.024838
-0.013105
-0.035436
0.027842
-0.009613
-0.023431
0.014385
0.024648
0.007761
-0.042036
0.001821
0.035988
-0.009278
0.031442
0.041326
-0.004499
-0.018625
0.021226
-5.61E-4
-0.096702
0.007331
0.010823
-0.038837
-0.076357
-0.02333
-0.059283
-0.053906
-0.021477
-0.045412
0.053025
0.024733
0.063062
-0.09507
0.124302
0.018208
-0.011587
-0.024322
0.047253
0.07954
0.050536
0.065591
0.104518
-0.057584
-0.049428
-0.016966
0.025708
-0.018971
-0.033136
0.02592
0.020635
0.005395
0.017381
-0.002619
0.022504
-0.025311
0.022435
0.025112
0.012753
-0.046072
-0.066684
-0.05076
-0.037462
-0.040757
0.019842
0.038296
-0.03779
-0.026873
0.00979
0.028339
-0.01166
0.04412
0.014045
-0.002764
-0.072234
-0.116197
-0.019661
0.004165
0.089916
0.05355
0.034437
0.07585
-0.041928
-0.005671
-0.027255
-0.014623
0.058224
-0.002002
0.018376
-0.031453
0.032088
-0.004465
0.029383
-0.043183
-0.045308
-0.055119
-0.079465
-0.062774
-0.025335
0.00599
-0.017515
-0.016089
0.02498
-0.002534
-0.004661
-0.142233
0.028309
-0.047454
-0.053589
0.047605
-0.03833
0.048941
0.015891
-0.022077
0.047709
0.04744
0.041105
0.005452
-0.004705
-0.003371
0.012749
0.043351
0.04108
-0.005663
-0.056774
0.041524
0.054667
0.025203
0.007935
0.035321
0.074946
0.042987
0.047453
8.28E-4
-0.003373
-0.018574
0.027474
-0.036736
-0.040572
0.002307
0.007419
0.04211
0.014704
-0.022077
-0.066407
-0.039434
-0.012866
-0.026176
-0.011633
-0.029945
-0.013454
-0.005706
-0.033412
-0.030384
-0.005531
0.065756
0.054688
0.024155
0.053784
0.069
0.002414
-0.049959
-0.036543
0.014039
-0.022617
-0.015476
-0.001762
-0.007616
0.017852
0.006946
-0.004972
0.013736
-0.002769
0.02055
0.030615
-0.055267
-0.110951
-0.025974
0.049195
-0.028343
-0.063969
-0.020806
-0.01121
-0.119308
-0.061361
0.011221
-0.001058
0.067199
4.28E-4
0.060359
0.038259
0.059455
0.055433
0.02313
0.004063
-0.036645
0.029499
-0.053324
-0.016184
0.001734
-2.91E-4
0.02758
0.040034
0.032987
-0.006105
0.03959
0.002966
0.023046
0.076642
-0.029982
-0.01049
0.015388
-1.49E-4
-0.038198
-0.044752
0.066327
-0.027633
-0.023499
-0.041397
-0.029721
-0.093062
-0.065294
-0.045017
0.079743
-0.036819
0.094625
-0.022903
0.007369
-0.041884
-0.080397
0.002062
-0.059322
-0.02055
-0.004915
-0.006712
8.9E-5
-0.054166
-0.031156
-0.057351
0.011513
-0.00945
-0.045607
-0.01992
-0.029522
-0.016934
0.05565
0.077098
-0.011364
0.044408
-0.016112
-0.057381
0.069655
0.029153
-0.057776
-0.019423
0.020736
0.026241
-0.055303
2.26E-4
0.007656
-0.07398
0.00361
-0.02355
-0.046058
0.028137
0.045299
0.062874
0.017929
-0.057894
0.11207
0.06268
-0.039695
3.9E-4
-0.009641
0.018121
0.022153
-0.06838
0.027358
-0.001785
-0.018922
-0.053204
-0.042261
-0.097159
-0.01101
0.045893
-0.006111
-0.080112
-0.062455
-0.056255
-0.035429
0.002166
0.023925
0.032016
0.054648
0.011026
-0.082447
0.065547
0.04378
0.023802
0.061333
0.071141
-0.080974
-0.025369
0.00522
0.037844
-0.043685
-0.083345
-0.012238
0.014265
0.003923
-0.023618
0.00601
-0.046596
0.107093
0.045797
-0.063787
0.071187
-0.032226
-0.002504
6.55E-4
-0.043461
0.012796
0.087515
0.056793
-0.025806
-0.042477
-7.5E-5
0.017655
0.017048
0.040427
-0.047751
0.027808
0.050487
-0.015906
0.005063
-0.042047
0.044376
0.035383
0.064602
0.076234
-0.023791
0.010684
-0.009721
0.046756
-0.035745
-0.012974
-0.024306
-0.051375
-0.079424
-0.001302
0.05731
-0.027493
0.063621
-0.009462
-0.047722
-0.093481
0.04
-0.076513
-0.037503
-4.58E-4
-0.047436
-0.052061
0.059401
0.044398
-0.001084
-0.010464
0.07428
0.035921
-0.032901
-0.011443
-0.07052
0.030881
0.021079
0.075496
-0.009933
0.068249
8.79E-4
-0.044074
-0.082454
1.34E-4
2.9E-4
-4.8E-4
-0.097431
-0.011695
0.018655
-0.069737
0.032026
0.041081
-0.06905
-0.065144
-0.063759
0.001828
0.007837
0.081135
0.051808
0.002971
-0.031569
-0.012946
-0.029048
0.045043
0.027317
0.003987
-0.03325
-0.006137
-0.003756
-0.047483
0.01058
-0.067421
-0.034719
-0.05484
0.022875
-0.106919
0.053892
0.035387
-0.011744
0.023356
0.026099
-0.015082
-0.037339
-0.096374
0.066715
0.012066
0.003843
-0.064278
-0.015344
0.025008
-0.065815
-0.018667
-0.006103
0.039405
-0.007064
-0.071736
-0.052264
0.011643
0.009631
0.088966
-0.067936
0.057867
-1.51E-4
0.092123
0.011696
-0.004229
0.074338
0.034502
-0.033472
0.038751
-0.038362
0.019335
-0.06564
0.043099
-0.012966
0.061015
-0.020308
0.053957
-0.058983
0.003788
-0.014813
-0.012993
0.032008
0.069746
0.041351
0.087409
-0.038801
-0.04497
0.054541
-0.015667
0.022807
-0.010586
0.00692
-0.051469
-0.0085
-0.04411
-0.08355
-0.018592
0.017324
-0.013681
0.007365
-0.057621
0.07571
0.019073
-0.025752
-0.039932
0.031913
-0.034002
-0.029367
-0.077761
0.001751
-0.043556
-0.027711
0.015667
0.029924
0.02935
-0.014471
-0.10233
-0.011786
-0.005519
-0.071675
-0.058228
0.045684
-0.001285
-0.013136
0.003988
0.04732
-0.06182
0.011914
0.068387
0.013435
0.040026
0.003789
-0.013426
-0.061019
0.015414
0.046238
0.005812
-0.009177
-0.040179
0.072503
-0.03618
0.09776
-0.007611
-0.005663
-0.043811
-0.050816
-0.046487
0.037298
-0.028617
-0.046828
0.089526
-0.063162
-0.006714
-0.020152
-0.004066
-0.037344
-0.046113
0.086127
-0.006788
-0.059595
0.028787
0.007574
0.046454
-0.003323
-0.03293
-0.067717
0.045174
-0.061001
0.002355
0.063252
-0.011785
0.019633
0.014631
0.005099
0.013314
-0.018163
-0.014811
-0.011935
0.033073
0.074573
0.106451
-0.005917
0.012875
0.040363
0.058679
0.073996
0.018206
-0.015306
0.027566
-0.033465
0.025692
0.028668
-0.094876
0.093363
0.019961
-0.057976
0.01827
-0.037749
0.010683
-0.032009
-0.02923
-0.022674
-0.07526
-0.005805
-0.027398
-0.073521
-0.005539
0.016782
-0.032385
0.010311
-0.020259
-0.036781
0.020366
-0.08084
-0.014479
-0.018899
0.186147
0.081431
-0.018886
0.016056
-0.014375
0.014225
-0.015397
-0.055722
-0.072288
0.024967
0.00623
-0.00466
0.002883
-0.004644
-0.01974
0.017174
0.015403
0.002729
-0.067244
-0.042402
-0.069552
0.008906
-0.076988
0.092306
-0.030346
-0.055763
0.024104
0.15086
0.031897
0.001061
0.020375
-0.028309
-0.038737
0.073554
0.052069
-0.015038
-0.071565
-0.095628
-0.018256
0.021443
0.05065
-0.035614
0.029715
-0.070455
-0.023892
0.060363
-0.020071
-0.069789
-0.004591
0.037405
-0.006682
0.01607
0.013354
0.055865
-0.008932
-0.036073
0.042388
0.069402
0.014367
-0.027571
0.091922
0.071745
-0.03089
0.031848
-0.057419
-0.02775
-0.052773
0.080579
-0.026478
-0.075405
-0.049402
-0.019389
-0.062171
0.065403
-0.061534
0.015046
0.023961
0.034873
-0.023648
-0.002135
0.021607
-0.074305
0.09269
0.037942
0.063219
0.052588
0.10379
-0.073828
0.048473
0.040361
0.051514
-0.009234
-0.090729
-0.093702
0.038679
-0.030749
-0.043662
0.092753
0.053218
0.033616
0.046018
0.017141
0.029483
-0.002162
-0.106917
0.072185
-0.003392
0.067901
-0.033367
-0.068317
0.045214
-0.050423
0.01031
-0.040069
-0.001552
0.005882
-0.02714
-0.012445
0.025691
0.021536
-0.052183
0.055254
0.04318
0.044007
0.034018
0.040275
-0.031513
3.43E-4
-0.010942
0.062219
-0.052902
-0.057955
-0.010715
-0.037487
0.064488
-0.021255
-0.091759
0.031016
0.004958
0.003452
0.031353
0.057022
-0.042261
0.026131
0.00261
0.082924
-0.015287
0.058293
0.044205
-0.008573
0.073775
0.01999
-0.123723
0.006272
-0.094528
0.010827
-0.009218
0.045626
-0.094824
-0.043396
0.015056
-0.008236
-0.117739
0.078851
-0.00885
0.040956
0.052517
-0.050846
0.025201
0.038097
0.060754
0.03655
0.02338
0.037242
-5.97E-4
-0.019469
-0.02754
-0.015236
-0.007789
3.86E-4
0.001229
0.104319
0.02996
-0.056292
0.050841
-0.038202
-0.0236
-0.011289
0.024324
-0.093533
-0.058505
-0.008734
-0.017101
0.015471
-0.026575
-0.026314
0.051466
0.024238
0.022404
-0.012522
0.078339
0.089636
-0.021019
-0.026877
-0.025535
-0.076221
0.039033
0.069374
0.007862
-0.006977
-0.067596
0.026316
-0.15587
0.046237
0.00222
0.028011
-0.058709
0.008798
0.037
0.021745
0.021511
0.024601
0.038951
-0.095706
0.034621
-0.023781
-0.007497
-0.061565
0.069986
-0.023831
0.035238
0.036785
-0.061374
0.026892
-0.018564
0.002943
-0.053979
-0.007598
4.74E-4
0.022945
-0.0494
0.083722
-0.038491
-0.015369
-0.012967
0.079173
0.072305
-0.061997
0.054272
-0.00412
0.050777
0.038856
-0.072415
-0.030996
-0.006691
-0.017859
0.084317
-0.032527
0.165533
-0.021358
0.025735
0.064035
-0.039605
-0.001636
-0.002687
0.008071
-0.090488
0.048788
0.00845
-0.05292
0.01432
-0.00688
0.07898
-0.024516
0.018577
0.037251
0.034311
-0.022502
-0.011575
0.019863
0.004575
-0.003827
-0.045781
-0.02673
-0.040304
0.012073
0.011716
0.059149
0.050981
0.13427
-0.01117
0.052763
-0.051994
-0.015511
0.055724
-0.045656
0.017451
-0.0074
0.012401
0.042605
-0.022091
-0.016273
-0.018459
-0.044535
0.02961
-0.007704
0.002367
0.092833
0.046972
-0.052279
0.022166
-0.059741
-0.065911
0.013482
0.02232
-0.015691
-0.04978
0.044107
-0.003578
-0.004344
-0.078251
0.046742
0.014989
-0.009718
-0.01803
-0.038483
-0.014796
0.018401
0.016391
-0.007519
0.017949
0.041621
0.062975
-0.061221
-0.002045
-0.062929
0.057399
0.008914
-0.089585
-0.004987
-0.045101
0.07138
-0.041456
0.014594
-0.047038
-0.021181
0.038136
-0.033514
0.064775
-0.002493
0.019259
-0.041616
-0.03808
-0.057601
0.001418
0.043865
0.033196
0.017558
0.013589
-0.01852
5.32E-4
-0.015175
-0.014728
-0.05121
-0.022396
-0.025416
-0.039209
-0.055356
0.071536
-0.050793
0.033826
-0.064547
-0.021793
-0.0808
0.047376
0.050825
0.005406
0.045082
-0.049717
-0.007889
-0.028961
-0.01643
0.011861
0.018608
-0.055355
0.003494
0.036874
0.034053
-0.068865
0.070161
0.015727
-0.027349
-0.011342
-0.033837
0.038768
-0.010976
0.049799
-0.040788
-0.0728
0.091275
-0.026968
0.016124
0.035749
-0.026089
0.060698
0.043104
0.003133
-0.002388
-0.01547
0.015345
0.080103
-0.061993
-0.023133
-0.022384
0.065229
-0.067038
-0.060262
0.044672
0.06107
0.035027
-0.033577
-0.039403
0.01606
-0.056796
0.062947
0.015255
0.007326
0.033273
-0.004036
0.025113
-0.034268
0.021048
-0.0802
-0.017029
0.024796
-0.013707
0.06459
-0.008953
-0.036176
0.013101
0.00433
-0.079203
-0.059819
0.052942
-0.033558
-0.021613
-0.011426
-0.034985
-0.024094
-0.0045
0.003673
-0.023596
0.028539
-0.058405
-0.012514
0.048731
-0.057072
-0.002554
-0.024547
-0.013811
-0.018245
0.001969
-0.133068
-0.069878
0.018583
-0.080641
0.006641
0.056781
0.034377
-0.048143
0.004362
0.071927
0.024206
0.027926
-0.047559
0.13279
-0.117787
0.010543
-0.020903
0.026358
0.045249
0.022328
0.035318
0.00762
0.023743
-0.020405
-0.044483
0.023977
0.005186
0.007353
-0.080945
0.083902
0.050422
0.030692
0.054118
0.018871
0.028766
-0.028906
0.029894
0.044417
0.073294
0.022491
-0.048385
0.013481
-0.023122
-0.04567
-0.01197
0.017527
-0.062489
-0.067313
0.017145
0.088089
-0.009237
0.005523
-0.039922
0.029132
0.006604
0.073462
-0.077561
-0.04288
-0.004989
-0.005642
-0.027863
-0.040833
-0.035618
0.040092
0.075268
0.009037
0.030701
-0.022132
0.006655
-0.026994
0.051907
-0.063518
0.023074
-0.008542
-0.021576
-0.046986
-7.25E-4
0.04518
0.051506
0.046384
-0.015186
-0.028996
-0.026353
0.024255
0.077759
0.004991
-0.028492
-0.014235
0.037472
-0.029366
0.127572
0.028727
-0.013396
-0.005458
-0.015671
-0.115631
0.021308
-0.014796
-0.039986
-0.029128
0.086501
-0.014271
-0.054696
-0.004947
-0.048731
0.02164
0.011352
-0.026812
0.032018
0.059448
0.015459
0.023352
-0.061244
0.032051
0.015412
0.004577
-0.031084
-0.020054
0.037963
-0.029904
0.061319
-0.0237
0.016505
-0.007116
-0.011627
-0.102043
0.103929
0.06466
-0.024203
0.044332
0.033615
0.07249
-6.82E-4
-0.014349
-0.00177
0.010844
-0.055171
-0.049238
0.028597
0.028254
-0.006431
-0.005581
-0.051007
-0.05598
-0.054174
0.077982
-0.056324
-0.034926
-0.014126
0.037966
0.025525
-0.075424
0.048533
0.01951
-0.026763
-0.046254
-0.047935
-0.005147
0.013203
0.019677
0.064448
0.056719
0.099618
0.041636
-0.06055
0.00783
0.019783
-0.056949
-0.008916
-0.069206
-8.35E-4
0.00736
-0.00302
-0.025112
-0.05232
-0.021656
-0.00505
-0.011819
0.035603
0.029716
0.004351
-0.052364
-0.003115
0.003624
0.083391
0.013335
-0.035141
-0.041745
0.038469
0.026706
0.007697
0.076837
0.011563
0.03123
-0.010392
-0.101175
-0.050823
0.073518
-0.071684
-0.023783
0.02291
0.030633
0.017188
-0.037515
-0.014593
0.080228
-0.01759
-0.066766
-0.049927
-0.104795
0.006685
0.029357
0.002414
0.017593
0.034043
0.01171
-0.042155
0.03372
0.07231
0.037212
0.059321
0.005974
-0.01582
-0.001815
-0.016849
0.037781
-0.012061
-0.007411
-0.031192
0.013909
0.026698
-0.061688
0.051251
0.002378
-0.033678
-0.043766
-0.026268
0.014006
-0.047321
0.032248
-6.42E-4
0.002587
-0.068981
0.053626
0.031279
-0.011275
0.060502
0.026219
-0.016557
0.010539
4.94E-4
0.012279
0.076796
0.046036
-0.033742
0.016581
0.016041
-0.027737
0.027985
0.047246
-0.082368
-0.006585
0.045352
0.035485
-0.009934
0.107528
-0.062618
-0.050897
-0.055884
0.00734
0.039365
0.010483
0.028405
-0.013287
0.107594
0.07911
0.011768
0.077181
0.051895
0.041566
0.037566
-0.021321
0.009064
-0.011313
-0.012114
0.022299
0.008121
-0.009017
0.024471
-0.051195
0.035498
0.023462
-0.01098
0.025189
0.032465
0.042925
0.063118
-0.014827
0.015191
-0.050976
-0.016424
-0.010642
0.005628
-0.047021
0.077385
0.011044
0.065833
0.014456
-0.02026
-0.082546
-0.036236
-0.066157
0.043143
-0.041068
-0.027231
0.033291
0.013096
-0.049091
-0.026038
-0.032671
-0.032705
0.039232
-0.017031
0.05333
0.016562
-0.051397
-0.05667
-0.045145
0.027425
0.039531
0.056005
0.052367
0.005561
-0.021519
0.041655
-0.010514
-0.044791
0.00251
-0.021183
-0.005694
0.0976
0.051834
0.013359
0.011698
0.032198
0.09339
0.040723
-0.037581
-0.04814
0.023518
-0.051571
-0.051764
-0.074984
-0.059081
0.035131
0.003854
-0.077321
-0.037123
-0.001724
0.071663
0.037844
-0.032562
-0.073441
0.067313
-0.010096
-0.090658
-0.083674
-0.069519
-0.04649
0.018164
-0.0076
-0.02885
-0.040976
0.039995
-0.003247
-0.008215
0.031208
-0.029475
0.021557
0.005146
-0.036858
0.052824
-0.0565
0.027459
0.006798
0.014349
-0.08569
0.031891
0.027658
0.032071
1.45E-4
-0.016607
0.034386
0.020039
-0.061915
-0.006438
-0.002749
-0.0529
-0.012266
-0.00434
-0.010356
0.055919
0.065923
-0.020084
0.1004
-0.008031
0.017206
-0.123712
-0.004905
0.033971
-0.078567
-0.012411
-0.004412
-0.003089
-0.04873
0.114577
0.056492
-0.023568
-0.024865
-0.023741
0.026515
0.037811
0.030631
0.060192
0.056011
-0.013611
0.100707
-0.001836
-0.010041
0.010805
0.060761
-0.011794
0.031835
0.026874
-0.019961
-0.034592
-0.047659
-0.056816
-0.020716
0.054616
-0.042217
-0.020833
-0.026353
0.003787
0.033389
-0.086421
-0.006677
0.133388
-0.053131
-0.01316
0.029201
-0.013974
0.079756
0.016017
-0.064619
0.106104
0.023521
0.041766
-0.040119
-0.008936
-0.036223
0.019899
-0.024638
0.07564
0.044679
-0.032662
-0.011441
-0.017164
0.01385
-0.145058
0.121654
0.058139
0.049827
0.08883
0.01325
-0.030508
-0.034626
0.030308
0.002268
-0.028731
-0.056661
-0.004832
-0.08526
0.026447
-0.019641
-0.023561
-0.049557
-0.077839
-0.027872
0.017629
-0.005796
-0.057644
0.046268
0.087401
0.042486
0.060915
0.023664
-0.016261
-0.031302
0.035413
0.02033
-0.025105
-0.088115
0.014543
0.067964
-0.004483
-0.016421
0.003851
-0.013834
0.006549
-0.048483
-0.017399
0.024788
-0.072728
0.044816
-0.0157
-0.012288
-2.21E-4
-0.009413
-0.032138
0.003679
-0.012155
-0.031088
-0.012469
-0.026585
-0.068875
0.00619
-0.001833
-0.00977
0.016626
-0.086095
0.004372
0.019692
-0.013334
0.068864
-0.030971
-0.077162
0.005776
0.055613
0.014457
0.018548
0.053819
-0.053405
-0.035951
0.071754
-0.037931
-0.011026
0.006
0.112004
0.075706
-0.043729
0.031327
-0.015015
-0.021842
0.032876
0.004466
-0.06168
0.017238
4.51E-4
-0.062598
-0.06508
0.07902
-0.041077
-0.028631
0.020921
0.065432
-0.00773
0.025615
0.060794
0.005519
0.093633
-0.007346
0.089505
-0.040285
0.012665
0.034696
0.038804
0.012966
0.046937
0.0708
0.080192
0.065155
0.003509
0.003263
-0.01202
-0.061642
0.012293
0.055662
0.049048
0.007903
-0.023537
-0.011545
-0.052274
0.053693
-0.028339
-0.034558
-0.023601
-0.016648
-0.11334
-0.007847
0.004514
-0.017126
-0.055774
-0.091792
0.040587
0.019102
-0.068892
0.017095
0.039665
-0.0343
-0.022198
-0.056098
-0.021691
-0.020578
0.006551
0.004364
-0.059999
0.047278
0.037095
-0.039739
0.002866
0.043227
-0.058122
-0.006632
-0.016583
-0.046278
-0.027425
0.071462
0.046459
-0.030789
0.043315
0.015271
-0.027087
-0.0093
-0.021989
0.012845
-0.054137
0.047362
-0.081829
-0.036725
0.068915
-0.058955
0.085701
-0.073368
-0.076239
-0.025824
0.034551
-0.093573
0.035239
0.027596
-0.002052
0.068004
-0.03474
-0.00676
-0.013901
0.05776
0.040776
-0.03858
0.023528
3.17E-4
0.041941
-0.018585
0.012074
0.052757
-0.002222
-0.043404
0.002329
0.047555
-0.115086
0.018607
0.037473
0.042661
0.029852
0.038389
0.086044
-0.012307
0.001866
-0.030676
0.061781
-0.004534
-0.09637
0.020196
-0.072863
-0.043811
-0.033913
-0.001418
-0.0623
0.013955
-0.0137
0.055685
-0.034919
-0.047798
0.056593
-0.032895
0.01473
0.0395
0.057069
-0.067135
-0.012416
-0.108584
0.039441
0.012946
-0.09006
-0.031623
-0.0991
-0.037546
0.109664
0.040299
0.031177
-0.009522
-0.034005
0.010926
0.009032
0.029382
0.014319
0.075338
0.029396
-0.040753
-0.018117
0.072735
0.013268
0.042449
-0.05301
0.001576
0.035778
-0.03757
0.065639
0.025695
-0.064752
0.003358
-2.17E-4
-0.025495
0.029076
0.039476
-0.065311
0.023719
-0.009174
-0.091562
0.002134
0.05131
0.032615
-0.007503
-0.01343
-0.065141
-0.015131
0.053225
-0.017002
0.065206
-0.02192
-0.041805
0.024512
-0.009061
0.058057
-0.06369
-0.029597
0.094583
0.029815
-0.019091
-0.031115
0.036504
-0.024815
-0.010373
-0.002626
0.042466
-9.11E-4
-0.004557
-0.02106
0.011799
0.002591
-0.021732
0.013568
0.02091
0.06238
-0.071525
-0.016788
0.070984
0.022941
-0.05829
0.017219
-0.01312
-0.054209
-0.012312
-0.035548
-0.003723
0.024115
-0.01383
-0.105334
-0.045274
0.019947
-0.002274
-0.034647
-0.017594
-0.017251
-0.038027
-0.057397
7.7E-5
-0.038096
-0.037728
-0.055059
-0.049919
0.056911
0.049481
0.111019
-0.052366
-0.070253
0.045801
-0.094645
0.04069
0.012455
0.047135
0.036407
-0.053095
0.026476
0.074555
0.00819
0.01888
-0.039636
0.02403
0.046192
-0.058642
-0.050388
-0.05987
0.031551
-0.075532
-0.06314
-0.018467
0.123898
-0.027688
-0.026674
-0.027039
-0.081456
-0.031222
-0.057133
0.0371
0.066182
0.069386
0.021019
-0.027806
-0.030675
-0.044263
0.136766
0.004469
0.016273
-0.03202
-0.049805
-0.001675
0.006376
0.051789
-0.03041
-0.015494
0.116782
-0.100275
0.059228
-0.10626
-0.045535
0.079907
0.016924
-0.020684
-0.018675
0.018718
-0.019738
0.012295
-0.020744
0.035102
-0.087082
-0.006574
-3.16E-4
-0.008074
0.002539
0.017025
0.036484
-0.044132
0.037157
0.042467
-0.027419
0.073216
0.023938
-0.019783
-0.02935
0.046017
0.017366
0.054591
-0.071892
0.046152
-0.071799
-0.079668
-0.043603
0.033736
0.020945
-0.096428
-0.010106
-0.06699
0.062572
-0.054948
0.018351
0.063036
-0.048821
0.004801
0.04093
0.030802
-0.056564
0.057721
-0.005971
-0.020837
0.044326
-0.016766
0.019933
-0.006894
-0.001499
-0.026056
-0.077216
0.008158
-0.011629
0.022185
-0.03783
-0.025521
-0.051993
0.041773
0.050129
-0.011335
0.048406
0.020637
0.007751
-0.005525
-0.048861
-0.021035
-0.001484
0.035764
0.074019
0.006712
0.07705
0.043501
-0.045485
0.048818
-0.05365
0.072423
0.020383
0.005232
-0.013505
0.037784
0.040167
-0.0109
0.031542
0.015245
0.057934
-0.004106
0.017716
-0.005296
0.0031
-0.033269
-0.064696
0.045632
-0.044781
0.051186
0.031583
-0.010419
0.01465
-0.061364
-0.03517
-0.023248
-0.04707
-0.087219
0.074911
0.034941
0.033468
0.055912
0.027753
0.029695
0.0144
0.016845
-0.032488
-0.013375
-0.04369
-0.021292
-0.04561
-0.047657
0.047679
-0.057571
-0.029019
-0.005002
-0.009455
-0.033894
-0.024845
-0.003674
-0.00943
-0.0707
-0.056133
-0.028062
0.031024
0.052609
0.041046
-0.029705
-0.007773
0.014082
0.033079
0.001938
-0.029257
0.03393
-0.081773
0.024972
-0.029394
-0.083456
-0.041186
0.019074
-0.0374
-0.075903
0.022248
0.025124
-0.025268
-0.041343
-0.035007
0.040905
0.05529
-0.007538
0.024633
0.119291
9.47E-4
-0.094332
-0.0535
0.019453
0.040872
-0.005985
0.043174
-0.017096
0.030706
-0.056402
0.050756
-0.001572
-0.033544
0.052343
0.038444
-0.040236
0.025916
0.004995
-0.058636
0.023837
0.070193
-0.034446
0.005703
-0.078964
0.010126
0.030249
0.04266
0.003793
0.002479
-0.020187
0.044489
-0.034162
-0.006414
0.048609
0.035033
0.040214
-0.053331
0.070237
-0.002057
0.043088
-0.0074
0.054311
0.019853
-0.009133
-0.011175
-0.03022
-0.11781
-0.051191
0.005201
0.019774
-0.114258
0.032599
0.021348
0.052388
-0.018819
-0.046025
-0.027445
0.043348
0.043435
-0.019952
0.103581
0.04257
-0.008412
0.048589
-0.039157
-0.05088
0.092717
-0.04353
-0.025133
0.073343
0.040284
0.088569
-0.058809
0.037741
-0.040622
0.059237
-0.101077
0.002267
0.02469
-0.032044
0.065719
-0.023374
0.026038
-0.002726
-0.011693
0.00245
-0.040523
-0.019787
0.08044
-0.001538
0.022514
0.026639
0.074037
0.0273
0.015173
0.034962
-0.033342
-0.035147
-0.047577
-4.1E-4
0.024328
-0.011561
0.050545
-0.057617
-0.033917
-0.033187
-0.021923
0.018529
-0.002528
0.023618
-0.001609
-0.075568
0.039764
-0.025895
0.073965
-0.017681
0.048776
0.026221
-0.022225
0.009525
0.009684
-0.030888
-0.044564
-0.083382
-0.05283
-0.044923
-0.004467
5.97E-4
-0.044307
0.036154
0.02499
0.043838
0.016306
-0.031682
0.09533
-0.004225
0.034526
-0.085732
0.013359
-0.038994
0.033522
-0.032614
0.002421
0.019612
-0.01496
-0.022708
0.021343
-0.044374
0.001232
-0.001522
-0.005519
0.113165
-0.064356
0.011564
0.00537
0.00769
0.05606
-0.041245
0.026246
0.041793
-0.059419
-0.060392
-0.064955
-0.020265
-0.07567
-0.013517
0.029134
0.016888
-0.039046
0.096092
-0.019484
0.044428
-0.009274
0.051006
0.019647
-0.004992
-0.023505
-0.053199
4.69E-4
-0.019083
-0.059699
0.010342
-0.002395
0.037465
0.076987
0.024429
-0.001358
-0.053345
0.01301
0.030039
-0.02089
-0.021126
-0.020252
0.026675
0.045773
-0.038139
0.028224
-0.051837
-0.014278
-0.02468
-0.026983
0.084662
0.039142
-0.152848
-0.040182
-0.055238
0.055214
0.064585
-0.066576
0.012652
-6.39E-4
0.110383
0.010174
0.016605
-0.018851
-7.72E-4
-0.025649
-0.057809
0.028996
-0.029363
-0.032349
-0.009092
-0.036094
-0.063147
-0.101626
0.027073
-0.082539
0.015499
-0.007713
0.045213
0.001895
0.007447
-0.033829
-0.088534
0.005143
0.030149
0.012244
-0.009342
-0.001771
0.04913
-0.014609
0.011762
0.013809
0.028803
0.102244
-0.038696
0.004854
-0.051387
-0.085371
-0.014508
0.078567
-0.061481
-0.07057
0.02545
-0.006334
0.018464
-0.061859
-0.072619
0.051087
0.034667
-0.115253
0.045491
-0.019641
-0.029919
-0.018076
0.02931
0.031009
0.027018
-0.02781
-0.001007
-0.02673
-0.020257
0.018418
-0.06404
0.00447
0.095062
0.048162
0.005662
-0.012759
0.054652
0.018061
-0.084894
0.050782
0.078275
0.034511
0.02359
0.034065
-0.040217
0.004467
0.038671
-0.002057
0.017522
0.024158
-0.085083
-0.024347
0.01675
0.014671
-0.077064
0.008088
-0.013274
-0.094963
-0.021277
-0.048074
-0.057036
-0.012031
-0.005163
0.006365
-0.034928
0.02484
-0.042527
0.013548
0.046616
-0.111317
0.015907
-0.008117
0.009758
-0.001741
-0.022245
0.016149
-0.076203
0.081706
0.094335
-0.004833
-0.055028
0.018462
-0.040422
0.103823
-0.029083
-0.014774
-0.037576
0.084594
0.005851
0.005975
-0.012493
-0.029061
-0.064868
-0.024187
0.059787
0.005497
0.035828
0.122693
-0.05747
-0.134588
0.007095
0.100158
0.047723
-0.026912
-0.001226
0.041819
0.054341
-0.027074
-0.054065
0.002451
-0.048369
-0.04106
0.020323
0.078261
-0.042163
-0.053774
-0.027686
0.037772
0.011961
-0.046167
-0.043418
0.062899
-0.008669
-0.004914
0.038139
-0.083364
-0.026186
-0.007432
0.019059
0.097268
0.044678
-0.013874
-0.001564
-0.02909
0.020731
0.053997
0.013959
-0.084714
-0.040064
-0.04091
0.037853
0.033436
0.063395
0.102122
0.034756
0.029414
9.7E-5
-0.003041
-0.084282
0.024704
0.027232
-0.013282
0.040597
0.00204
-0.067702
0.019585
-0.052546
-0.048668
0.022021
0.044002
0.079504
0.057661
-0.007316
-0.003934
-0.115914
-0.099705
0.006202
-0.004544
-0.002413
-0.012571
0.128286
-0.019022
0.093342
0.075254
-0.056754
-0.042802
-0.03002
0.005348
-0.006908
0.078016
0.06209
0.042881
-0.085105
-0.03268
-0.02656
-0.017996
-0.018356
0.05411
-0.078542
-0.022926
-0.037989
0.027062
-0.007783
0.107943
-0.015526
-0.056446
0.04255
-0.038252
-0.007404
0.003596
0.003555
-0.012561
-0.04265
-0.039025
0.025818
0.019714
0.003499
-0.015044
-0.032145
-0.048323
0.066776
0.005196
-0.012762
-0.00372
-0.100309
-0.080525
-0.015615
0.014261
0.015225
-0.019654
0.02527
0.03042
0.062071
0.070209
-0.101533
-0.012647
-0.099819
-0.030392
0.009796
-0.051017
0.054577
-0.019836
-0.010476
-0.074353
-0.038009
0.056432
0.044808
0.036197
0.008998
0.033558
0.084721
0.040357
0.073338
0.081242
-0.001564
-0.032356
-0.090655
0.005254
-0.053751
-0.031461
-0.011099
-0.018063
0.055458
0.047314
0.037309
-0.068811
-0.049876
-0.047114
-0.006061
0.012377
-0.024518
-0.057915
0.026338
-0.006046
-0.004038
-0.025742
0.004957
0.05198
-0.047322
0.003758
-0.037933
-0.059532
0.009269
0.070709
-0.026661
-0.018868
-0.048114
0.041216
0.072514
-0.039103
-0.084183
0.057262
-0.052544
0.044357
-7.61E-4
0.010596
0.04262
0.050975
0.073903
0.018421
-0.005472
0.113782
-0.007717
0.052326
0.008883
-0.012002
0.015304
0.034696
0.017693
0.011921
0.013109
0.031967
-0.062925
0.044039
-0.021643
-0.05938
0.044674
0.020002
-0.061001
-0.052069
-0.054474
-0.006459
-0.066973
0.024267
-0.025712
-0.028178
0.037122
-0.025629
-0.024775
-0.117104
0.018866
-0.041131
-0.078259
0.045958
0.024445
0.031119
-0.039228
-0.031276
-0.032795
0.017638
-0.054423
0.005284
-0.005737
0.103283
0.105372
-0.018715
0.013285
-0.02381
0.032909
-0.023087
0.067227
0.088295
0.039529
0.052743
-0.026861
-0.038658
0.007771
0.017288
0.068296
-0.06106
-0.097516
0.055581
-0.037162
-0.02231
0.028115
-0.124789
0.015067
-0.022176
0.009446
-0.027942
0.004552
0.017694
0.046745
-0.009738
-0.008241
-0.01461
0.027385
-5.04E-4
-0.023
-0.016519
0.02666
0.061729
0.059563
0.025904
0.062829
0.08168
0.019969
0.015343
0.072425
-0.084108
-0.043512
-0.107035
0.006917
-0.101718
0.007396
0.02949
0.094957
0.031487
0.009419
0.03885
0.052261
0.005308
-0.034309
0.085905
-0.027612
0.008223
0.063178
-0.046197
-0.0083
-0.012821
0.059162
0.011854
0.004492
-0.01419
-0.012042
-0.003682
0.002373
0.04009
-0.009613
5.57E-4
-0.08128
-0.030706
0.030686
0.014158
-0.008919
-0.070814
-0.050529
-0.094438
0.030954
0.012825
0.02934
-0.038551
-0.019645
-0.060558
-0.057035
-0.06993
-0.011379
0.007805
0.010061
0.017508
-0.009796
-0.074327
-0.014419
0.015338
0.054367
0.054726
0.055039
0.06664
0.108662
-0.026617
-0.023143
-0.002521
0.09644
9.93E-4
-0.008932
0.013597
0.015067
-0.028428
0.04744
0.06765
0.040745
-0.003485
-0.01908
-0.017202
-0.063181
0.020735
2.82E-4
-0.003024
0.069754
0.021513
0.029829
-0.009215
0.017072
0.055957
-0.013369
-0.037881
0.038671
0.052183
0.011393
0.089863
0.034669
0.041715
-0.027902
-0.024574
0.008758
7.09E-4
-0.013689
-0.030566
0.030161
0.051649
0.023493
-0.024171
-0.023542
-0.051247
0.001841
0.029168
-0.048477
0.019967
0.025994
0.041817
0.065734
0.0214
-0.053383
0.118515
-0.001248
-0.03673
0.014121
0.091079
0.021751
-0.034562
0.035565
-0.007656
-0.014579
0.005072
-0.013443
0.02711
-0.059501
-0.096988
0.002282
-0.001458
0.123272
-0.009505
0.017633
-0.024631
-0.066429
-0.054359
0.019584
0.019434
0.015682
-0.013314
-0.021755
-0.038009
-0.032135
0.043866
-0.069461
0.012728
-0.012629
0.040493
0.028019
0.018754
-0.020339
-0.003331
-0.047833
0.080244
-0.063037
-0.031499
-0.016728
0.120373
0.012428
0.033577
-0.044805
0.028206
0.108687
0.062908
0.042978
-0.043442
-0.02834
-0.027399
-0.002469
-0.024369
0.028564
-0.038032
-0.004468
0.124351
0.017315
-0.027675
-0.001298
-0.03365
-0.054704
-0.09664
-0.001125
0.050698
0.008048
0.011454
-0.038548
0.043039
-0.024274
-0.068325
0.013853
-0.020221
0.053255
-0.076201
-0.040997
0.005654
-0.001399
-0.055942
0.012593
0.162909
-0.049745
0.010989
0.053294
0.004447
-0.086514
-0.056128
-0.017268
-0.022739
-0.005233
0.026095
-0.01018
-0.05162
0.031528
0.040972
-0.009994
0.025867
-0.067769
-0.009439
0.049796
0.019099
0.067311
-0.007895
-0.011232
-0.005778
-0.058273
0.088204
-0.091988
-0.047028
-0.015743
0.033351
0.034175
0.043919
0.031713
0.019461
-0.025433
-0.009325
0.009339
0.030255
0.005625
-0.057785
0.001571
-0.003445
-0.018825
-0.053658
0.013807
-0.013426
0.074359
-0.018424
-0.005621
-0.005573
-0.084345
-0.014347
-7.48E-4
0.002869
0.003696
-0.016759
-0.068328
-0.016229
-0.036697
-0.04014
0.021358
-0.107893
0.018189
0.028495
-0.066026
0.024741
-0.010305
0.042253
0.039868
-0.030844
-0.039768
-0.002286
-0.054261
0.043944
0.040701
-0.029151
0.010914
-0.051767
-0.109805
0.096317
0.039202
-0.019573
-0.047953
-0.010442
0.065888
-0.058396
-0.041515
0.042272
-0.012194
0.05155
-0.060311
0.029586
-0.009904
0.018975
-0.067112
-0.047345
-0.068626
-0.04175
0.024744
-0.07795
0.019515
0.065844
-0.02078
0.039921
0.010298
-0.043435
0.017697
0.040198
0.006676
0.014496
-0.001693
0.033084
0.028878
-0.051577
-0.019226
0.048828
0.011785
-0.120975
0.031396
-0.043881
0.034304
0.048868
-0.073524
-0.052791
0.012445
-0.021778
-0.024178
-0.024457
0.02647
-0.033391
0.015611
-0.050436
-0.038853
-0.031262
-0.067651
-0.058674
-0.012094
-0.132476
-0.058703
0.016075
0.018341
0.057755
-0.007344
0.002242
0.041569
-0.016536
-0.021336
0.024068
0.033872
-0.021265
0.007329
-0.032281
0.038566
-0.014498
0.091748
-0.14995
0.018328
-0.013227
0.030857
0.013059
-0.00386
0.042359
-0.064525
-0.022378
-0.038277
0.004121
0.024522
-0.011268
-0.019708
0.063852
-0.106912
-0.070918
0.010101
-0.050008
0.063483
0.005462
-0.012062
-0.041266
0.024545
0.090857
-0.069263
-0.110352
0.012156
0.024443
-0.054989
0.055335
0.078165
0.083739
0.059228
0.052039
-0.066333
-0.01139
0.023979
-0.037692
0.037911
-0.062868
0.056217
0.032876
0.029096
-0.012936
0.007507
0.010949
-0.0426
0.001652
-0.042076
-0.033206
-0.005549
-0.018873
0.061356
0.072154
-0.027436
0.009939
0.010104
0.037348
0.032312
0.064525
0.014714
-0.027575
0.015352
0.032494
0.024157
0.025453
0.095997
0.012109
0.009444
6.12E-4
-0.004182
0.036329
0.053838
-0.055024
0.035242
-0.04849
-0.001227
-0.018333
-0.027275
-0.026741
-0.059141
0.05752
0.004037
0.017869
-0.003932
0.002561
-0.01134
-0.028075
0.015974
0.039611
-0.078597
0.031295
0.037719
-0.030785
-0.103999
0.0314
-0.02535
-0.06605
-0.047308
0.038729
0.062367
-0.011757
-0.048182
-0.084766
0.0578
0.095157
-0.080661
-0.103208
-0.042343
-0.077608
-0.008724
0.077709
-0.051229
0.074986
0.03441
-0.008798
0.044882
0.002455
0.018796
-0.051583
-0.030227
-0.034529
0.029642
-0.053672
0.017858
0.016036
-3.7E-4
-0.071546
-0.001929
-0.004641
-0.030673
0.013717
0.123121
0.071582
0.063614
0.058824
-0.030868
0.00715
0.00952
-0.040606
0.010098
-0.089762
-0.017133
0.03071
0.002363
0.079231
0.029474
-0.003446
0.014543
-0.097684
0.008312
0.062294
0.019771
-0.112362
0.030683
-0.021444
0.078934
-0.057903
-0.044039
0.002457
-0.049964
-0.026944
0.100941
0.010722
0.017629
0.003628
-0.034809
-0.024024
-0.04715
-0.064725
7.96E-4
0.006567
0.041158
-0.026895
-6.15E-4
0.126321
-0.0504
0.049006
-0.023258
0.076488
-0.058951
-0.041309
-0.021624
-0.051139
0.010377
0.003375
0.085013
-0.022812
0.006485
-0.039085
-0.005569
-0.102031
-0.056312
0.088845
-0.032035
0.090315
0.102128
0.05221
-0.001307
0.058957
0.06573
0.03997
0.016343
0.028148
0.025715
-0.122262
-0.04094
-0.033052
-0.042877
-0.01878
0.001299
0.02749
0.058333
0.075998
0.080536
0.065234
0.056316
0.043207
-0.050132
-0.04506
0.066862
-0.043813
0.030788
-0.025026
-0.101937
0.009292
-0.068707
-0.062026
-0.018145
-0.017132
0.021223
-0.035476
-0.008529
0.008355
0.052296
0.009864
-0.072591
-0.035332
0.067405
-0.01344
-0.01941
0.0279
-0.044163
0.035006
-0.026733
-0.081231
-0.024766
0.002217
-0.08473
-0.070958
0.065941
0.00507
2.3E-4
-0.051215
-0.046263
-0.022971
0.041874
0.076884
0.016944
0.036342
-0.049738
-0.079776
0.012339
-0.02365
0.056083
0.009183
-0.022904
-0.049957
-0.011959
-0.077054
-0.058229
0.038273
0.016937
0.074404
0.027726
0.01118
-0.001231
-0.047622
-0.013372
0.044857
0.012257
-0.023967
-0.031068
0.071561
0.006872
-0.052318
0.011553
-0.041837
0.024691
0.00123
0.038439
0.076772
0.031475
-0.0061
-0.047544
0.059524
0.103269
-0.043642
0.074478
0.011346
0.065544
-0.076036
0.026325
-0.005808
0.067003
-0.054978
-0.00626
0.010334
0.065549
0.02589
0.018622
-0.054831
0.013323
-0.064545
-0.062956
-0.009425
-0.018792
0.098991
0.007755
0.020937
0.038216
-0.014251
-0.062539
-0.015662
0.068674
-0.057799
0.022742
0.074838
-0.060318
0.070937
-0.051729
-0.025461
-0.012241
0.041884
-0.014465
0.009889
0.004787
0.007107
0.015717
0.046767
0.085915
-0.013844
0.00598
0.005071
0.017937
0.078813
8.77E-4
-0.014502
-0.012662
0.056348
-0.037458
0.00651
-0.004283
-0.05498
0.055629
0.072737
5.73E-4
-0.004296
-0.064393
0.059905
0.040878
-0.009017
-0.019866
-0.028916
0.007733
-0.001042
-0.064639
-0.038892
-0.05374
-0.015447
-0.042876
-0.068809
0.014023
-0.043663
-0.059073
0.054872
-0.117001
0.049368
-0.128186
-0.089236
-1.3E-4
0.026941
-0.011239
0.03367
0.020642
0.007402
0.024871
0.001778
0.017698
0.028016
0.027634
-0.008718
0.034046
1.49E-4
0.026194
0.081254
-0.100166
-0.022913
0.007107
-0.102004
-0.027645
-0.00386
-0.022692
0.060535
-0.079958
0.017295
-0.046613
-0.094591
3.91E-4
0.00418
-0.021596
0.002725
-0.021194
-0.055686
0.007068
0.010753
0.016665
0.052632
-9.19E-4
0.033534
-0.068309
-0.039565
-0.03563
0.092154
0.003011
-0.049156
-0.072022
-0.068113
-0.112294
-0.041112
0.070508
-0.060074
0.013805
0.003451
-0.016029
0.030941
-0.062149
-0.008099
0.044861
-0.018874
0.014448
0.029227
-0.038402
0.002871
0.022998
-0.036397
-0.04783
0.065127
0.002607
-0.066942
0.01531
-0.067776
-0.086581
0.011295
0.055034
-0.042987
0.030653
-0.060088
-0.045213
0.044455
0.037929
-0.048556
0.080574
0.007474
0.02921
0.0616
-0.024309
-0.016508
-0.009631
-0.043585
0.011032
-0.022349
0.035176
-0.058467
0.037049
0.074402
-0.016096
-0.024431
-0.045438
-0.050283
0.018253
0.032708
0.025088
-0.088138
-0.005022
-0.025802
-0.014656
0.013151
0.019152
0.057896
-0.00635
-0.068373
0.061291
0.030419
0.027293
0.033106
0.050992
-0.011885
0.009121
-0.071765
0.079766
0.004304
0.043716
-0.051627
0.052465
-0.036782
-0.004641
-0.040204
-0.034161
0.038163
0.041981
-0.04579
0.048597
-0.058695
-0.005795
0.046147
0.050488
-0.068734
0.011374
-0.014886
0.048032
-0.053395
0.046973
0.038904
0.031694
-0.031881
0.053969
0.00412
-0.039188
-0.070835
0.062285
-0.10046
0.04325
-0.067574
0.027945
0.035817
0.028068
-0.024192
-0.007173
-0.002918
0.014833
0.006886
0.075832
0.044241
0.013239
-0.033014
-0.046461
0.014512
0.030841
-0.054624
0.040362
0.043544
-0.069275
0.002415
-0.012727
-0.026688
-0.008118
-0.032073
-0.008763
0.014167
-0.055935
0.053331
-0.060564
-0.087036
-0.001446
0.045745
0.004865
0.013986
0.020287
0.02193
0.016585
0.011168
-0.002102
0.037011
0.133696
-0.046851
-0.133602
0.011619
0.059825
0.030226
-0.027135
-0.058585
0.050062
-0.05802
-0.012297
0.01217
-0.097636
0.066672
0.045982
0.018479
-0.04488
-0.0188
-0.016465
0.024376
0.040956
-0.030723
-0.01203
-0.03421
-0.015421
0.008694
-0.062246
0.057824
0.014439
0.043776
-0.043168
-0.002673
0.005872
0.029908
-0.018351
-0.015533
-0.055962
0.024758
0.008561
0.070282
0.014803
-0.007961
0.051306
0.027955
7.29E-4
-0.045072
-0.003257
-0.030892
-0.026411
-0.046143
0.031678
0.026414
6.25E-4
0.095105
-0.088562
0.04115
-0.051756
0.034907
-0.056097
-0.008137
-0.009526
-0.088678
-0.08602
-0.042563
0.007903
0.012103
0.011877
0.043398
-0.07084
-0.059248
0.022908
-0.061304
-0.0193
0.098076
0.021213
-0.003034
0.01833
-0.046689
-0.016688
-0.057682
0.005885
-0.079609
0.038309
0.005722
0.035652
0.075849
0.049367
0.039597
0.013492
0.054568
-0.009443
-0.029041
-0.034486
-0.028524
-0.039044
-0.016601
0.030778
-0.017264
0.055579
-0.067554
0.014139
-0.046791
-6.54E-4
-2.85E-4
0.026489
-0.02405
-0.061886
0.068174
-0.014533
0.015328
-0.01749
0.023803
0.087549
-0.083746
0.014472
0.015251
-6.11E-4
-0.085022
-0.062363
-0.039361
0.042926
0.026625
-0.015155
-0.097121
-0.02847
0.007037
-0.021138
0.025115
0.004567
0.054909
8.89E-4
-0.04145
0.040917
0.043084
0.041356
0.059379
-0.038962
-0.03095
0.046877
0.00231
-0.111325
0.057215
-0.040284
-0.076908
-0.03273
-0.003839
-0.06993
-0.020381
0.054239
-0.016636
-0.037474
0.041824
-0.04066
-0.035149
-0.056471
-0.006762
-3.31E-4
0.022336
0.031291
-0.088451
0.006796
-0.088916
-0.015252
-0.012724
-0.078013
0.033023
-0.094835
-0.0171
-0.003771
-0.033203
0.012862
0.039357
0.027408
0.018978
-0.05182
0.011094
-0.009345
0.011465
-0.016638
0.012795
-0.052574
-0.013006
-0.005999
-0.041604
-0.00776
0.0087
-0.021242
0.014609
0.003514
-0.053178
-0.08701
-0.01275
-0.012173
0.055497
0.023707
0.008336
-0.010583
0.024676
-6.98E-4
0.026808
0.01677
-0.005333
-0.033326
-0.032776
-0.02021
-0.075456
-0.038448
0.07817
-0.061378
-0.03877
0.025498
0.04512
-0.026401
-0.019975
-0.056932
0.013721
0.044607
0.057405
-0.071949
-0.018585
-0.033405
0.054558
0.020868
-0.034243
0.078077
0.00228
-0.014621
0.046348
-0.007053
0.048704
-0.06348
-0.028711
0.063706
0.013234
0.001262
-0.032123
0.047679
-0.054451
-0.001484
-0.018153
0.026274
-0.004118
-0.075161
0.012799
-0.047914
0.014185
-0.061267
0.022767
0.043307
0.016551
0.005264
0.037212
0.067165
-0.038469
0.010872
0.059627
0.041708
0.056991
-0.065447
0.04512
-0.008824
-0.022436
-0.058381
-0.054025
-0.031918
-0.02367
0.053864
0.026358
-0.037255
-0.039876
0.005881
-0.001029
0.03733
-0.063197
0.013241
-0.015446
-0.08659
-0.020773
-0.023397
-0.008108
-0.017328
0.022382
-0.022219
-0.033753
0.039572
0.017089
0.037873
-0.05811
0.025009
-0.048758
-0.033438
-0.017141
0.010856
0.003028
-0.058633
-0.037234
-0.042635
0.045971
-0.019435
-0.081427
0.011194
0.075487
0.018084
-0.011806
0.03217
0.00613
0.008728
0.06829
-0.002711
0.011547
-0.002243
0.04598
-0.023221
-0.041135
-0.013801
-0.029861
0.0467
-0.038064
0.027673
-0.04305
0.030088
0.025873
0.001941
-0.065874
-0.016609
0.120312
-0.018722
-0.00949
-0.053471
0.022023
-0.030989
-0.025996
-0.019867
0.02081
0.017368
0.007323
-0.079745
-0.006436
-0.001988
0.084689
0.045853
-0.024952
-0.018621
0.001692
0.077969
0.068615
0.005419
-0.108774
0.037094
0.017027
0.037232
0.015869
-0.013361
-0.03896
0.010209
0.042745
-0.031784
0.1226
0.06216
-0.103828
0.00719
-0.099907
-0.06037
0.051648
-0.036514
-0.048737
-0.008599
0.074326
-0.02412
-0.006601
-0.04183
-0.088836
-0.00367
-0.012404
-0.041746
0.074954
0.028192
0.015051
-0.036024
0.033228
-0.077438
-0.068436
0.105068
0.068664
-0.103198
-0.033332
0.017523
-0.013045
0.01299
-0.037928
-0.009114
0.005945
0.073384
-0.021361
0.034868
-0.033022
-0.02025
-0.015266
0.005058
0.064427
0.074408
0.0
0.041732
0.101476
0.018577
-0.091712
-0.010647
0.043775
-0.015368
0.078704
8.92E-4
-0.01487
-0.013284
-0.006194
-6.03E-4
0.020442
-0.043962
-0.022923
0.068538
-0.044054
0.053314
0.057094
0.006175
0.020288
-0.025498
-0.044496
0.008649
-0.003854
0.028931
0.071029
-4.23E-4
-0.023063
-0.033383
-0.00176
0.039027
0.059919
-0.076174
0.003227
0.020968
0.007381
0.0322
-0.061501
-0.01388
0.010366
-0.024656
0.02544
-0.010532
-0.053481
0.048341
0.046912
0.076216
0.014313
0.057486
-0.023245
0.012409
0.010671
0.035663
0.004361
-0.031737
0.016172
0.009273
0.017011
-0.011868
0.017255
-0.007662
-0.103688
0.009303
-0.040311
-0.015981
0.026628
0.014761
-0.090702
0.02894
0.042352
-0.035938
0.012666
-0.034836
-0.047723
0.044489
-0.06867
0.071829
-0.073684
-0.035702
0.04366
0.016879
-0.019901
-0.040673
0.027136
-0.003741
0.051013
-0.01747
0.00797
0.030065
-0.028622
-0.02808
0.025793
0.039969
0.070069
-0.033975
-0.034584
-0.02737
0.02304
-0.038513
-0.055732
-0.007524
-0.064617
-0.053828
-0.038673
0.010915
0.008753
0.05619
0.022521
0.049011
0.049892
-0.033877
0.044497
0.071382
-0.036824
0.051559
-0.052619
-0.030973
-0.001005
-0.032391
-0.037527
0.053795
-0.051113
-0.011674
-0.014001
0.066187
0.028102
0.00714
-0.008747
-0.072565
-0.021596
0.029833
-0.034864
0.086234
-0.05263
-0.038737
0.065923
-0.072731
0.03256
-0.077427
-0.132159
0.033807
0.025181
-0.014741
-0.016971
-0.02647
-0.071342
-0.040816
-0.072605
-0.002345
-0.005274
0.006265
-0.012004
0.039069
-0.094007
0.013355
-0.041977
-0.002599
0.022656
-0.024357
-0.013038
-0.039058
0.009065
-0.031255
-0.10361
-0.057577
-0.044721
0.045964
0.02802
-0.001456
-0.080685
-0.001126
-0.028225
0.106259
0.026329
0.017356
-0.002721
0.01888
-0.050311
0.075624
0.009681
0.046506
-0.051381
0.05751
-0.02096
0.054798
-0.042806
0.035747
-0.071901
0.099821
-0.001545
0.057205
-0.044358
-0.056623
-0.010777
0.039595
-0.017471
0.030835
0.028785
0.00361
-0.022507
0.00574
0.013433
-0.086389
-0.016239
-0.025615
-0.01982
0.042526
0.045625
-0.005102
-0.014308
0.01737
0.06549
-7.82E-4
0.005159
-0.06841
0.0303
0.050794
0.024494
0.001702
-0.023973
-0.033656
0.027226
-0.066543
-0.032628
-0.107747
-0.006814
0.012213
0.014278
-0.032536
0.024087
0.016338
0.027841
-0.002466
0.064551
0.032492
-0.011796
0.057149
-0.066096
-0.044893
-0.003078
0.090718
-0.096715
0.010637
0.006488
0.045185
0.022294
0.02318
-0.020164
0.061788
-0.086472
0.036036
0.002049
0.008356
-0.077726
0.046942
-0.027313
0.024793
-0.014027
0.047005
0.00438
-0.096275
0.014778
-0.01364
-0.002764
0.084173
-0.040809
-0.052123
0.042008
-0.021541
-0.016884
0.009163
0.014396
-0.00996
0.013948
-0.024544
0.036606
0.008815
-0.003587
-0.025966
-0.097027
-0.052062
-0.106635
-0.004899
-0.059355
-0.028519
0.023605
-0.00126
0.002348
0.073188
-0.015206
-0.045209
0.033308
-0.016508
-0.062179
-0.02714
-0.060932
0.054124
0.007495
0.001776
0.010939
-0.054757
-0.010927
-0.076479
0.060574
0.026029
-0.020805
-0.021288
0.014433
-0.026463
0.016931
0.051123
0.098875
0.002186
0.059271
0.004027
0.046158
0.011031
-0.020557
-0.021416
0.025031
-0.036689
-0.004746
0.004952
-0.031645
-0.091956
-0.02655
-0.086008
-0.088938
0.04424
0.044137
0.024807
-0.01171
-0.015342
0.056904
0.054812
0.030095
0.003957
0.05196
0.012504
-0.018661
0.027269
-0.033908
-0.041487
5.21E-4
-0.039062
-0.005612
0.044319
-0.0528
-0.014751
-0.002953
0.038885
-0.026351
-0.04594
-0.037541
-0.024827
0.039591
0.063302
-0.035141
0.065569
-0.019401
0.013841
0.02367
-1.74E-4
-0.02788
-0.017189
0.054614
-0.043424
0.059814
-0.007219
0.081508
-0.006287
-0.034585
0.011487
-0.052521
-6.2E-5
0.01197
-0.035514
0.009276
7.59E-4
-8.64E-4
0.028184
0.010065
-0.007826
-0.043118
0.012886
0.035356
-0.025335
-0.018746
0.085168
0.032863
-0.029072
-0.038542
0.052362
0.067882
0.039087
0.019558
-0.036381
0.051466
-0.056789
0.029276
0.01141
-0.051599
0.052734
0.0127
-0.018965
-0.061784
0.063636
-0.005197
0.021931
-0.114358
-0.084585
0.038254
-0.024171
-0.008776
0.073456
-0.06314
-0.04012
-0.019495
0.002591
-0.075838
-0.036466
-0.011292
-0.047088
0.065588
0.02221
-0.012143
0.052113
0.050107
0.027273
0.036555
0.013967
0.033951
0.039413
0.046434
0.020825
-0.053193
0.048147
-0.020944
0.031466
0.029996
0.067879
0.003905
0.046091
0.056103
0.011996
0.03941
-0.07336
-0.011694
-0.043399
-0.032651
-0.128372
-0.008544
2.1E-4
0.012752
-0.09808
-0.060895
-0.001003
-8.24E-4
-0.014888
-0.013527
0.002061
0.061254
-0.021966
-0.025813
-0.072347
0.088733
-0.060448
0.001719
-0.025074
0.049865
-0.012139
0.060995
-0.016363
-0.057951
-0.118953
-0.002556
-0.050277
-0.029131
-0.07981
-0.030772
0.030655
-0.028673
-0.101654
0.035421
-0.097174
0.017636
0.043655
-0.049053
0.076023
-0.060989
0.038546
-0.024738
0.003434
-0.026181
0.028228
0.034469
-0.01748
-0.042631
0.028372
-0.019842
-4.11E-4
0.084103
-0.00922
-0.012656
0.018521
-0.064845
-0.032752
0.024043
-0.027537
0.036793
0.057954
0.08106
-0.040358
-0.050866
-0.011323
0.083843
0.012165
-0.063133
0.00386
-0.023969
0.016051
-0.039352
-0.026141
-0.022274
0.068176
0.030207
0.033349
-0.026833
0.042265
0.089516
0.035847
0.02819
0.027271
-0.012111
-0.052438
6.55E-4
0.020414
-0.002933
0.01414
0.001439
0.022211
0.013608
-0.025848
-0.114059
-0.017996
0.029874
0.026127
-0.027976
-0.038253
-0.012196
0.00105
0.037392
-0.030509
-0.104482
-0.057515
0.034062
0.071032
-0.041251
0.025235
-0.093988
-0.011523
-0.076606
0.072924
-0.033125
-0.012754
0.049446
0.005635
0.012828
0.002175
-0.030545
-0.037222
0.038233
-0.024553
0.091676
-0.007052
-0.026151
-0.073532
0.09032
0.040076
-0.038021
-0.01976
0.045828
-0.016692
-0.021374
0.025924
-0.056195
-0.003869
0.048118
0.007605
-0.023631
0.064066
0.015928
-0.070407
0.011077
0.065956
-0.004269
0.059521
-0.008893
-0.007714
0.005811
-0.004844
-0.006358
-0.013772
-0.037374
0.022303
-0.024559
0.008874
-0.018645
0.049595
0.006959
0.010051
-0.040485
0.053261
-6.9E-4
0.001409
0.021155
-0.020416
0.043964
0.025064
0.004001
-0.05177
0.013878
0.021899
0.006836
0.008317
-0.001535
-0.079731
0.022442
0.056822
0.031284
0.039792
-0.032097
0.103866
0.027945
0.058449
0.078136
-0.008897
-0.014302
-0.071204
-0.020623
0.04871
-0.122886
0.035842
-0.024759
-0.006473
0.052777
-0.023079
0.012431
-0.030055
-0.062956
-0.017524
0.008238
0.053824
-0.071174
0.034336
-0.033134
-0.005902
-0.041876
-0.018493
-0.069844
-0.064463
-0.016612
-0.0195
-0.050085
0.049084
-0.025197
0.011588
-0.005107
-0.070998
0.019958
0.020781
0.044708
-0.014703
0.03378
0.021931
-0.042189
0.023689
0.078068
-0.008381
-0.004332
0.039242
-0.007331
-0.02936
0.018482
0.002497
0.06945
0.003206
0.029097
0.042516
0.070237
0.017746
0.118415
-6.72E-4
0.016057
-0.014793
-0.032763
0.013364
-0.054093
0.030767
-0.003094
-0.004603
0.010098
0.001003
0.012012
7.29E-4
0.026028
-0.018751
0.033641
0.010251
0.016207
-0.011628
-0.070096
0.103728
0.019021
0.048819
0.006835
-0.038119
0.030484
-0.088986
0.073604
-0.030842
-0.011547
0.023365
-0.019394
0.079788
0.05534
0.026192
-0.010716
-0.035175
0.020391
0.038945
0.029641
-0.017292
-0.069071
-0.009585
0.058753
-0.028955
0.012961
0.007061
0.039071
0.107621
-0.047744
0.028875
-0.007806
-0.008108
0.026251
-0.033444
-0.004858
0.046049
0.034831
-0.023483
-0.08329
-0.022025
-0.020107
-0.003993
0.043632
-0.052926
-5.71E-4
0.016587
-0.085952
0.053886
0.008071
0.033172
-0.063245
0.074167
-0.029109
-0.061345
-0.051474
0.005362
0.031226
-0.071191
-0.007072
0.052641
0.034123
-0.052161
0.057693
0.033496
-0.050103
-0.02415
0.054916
0.008827
0.059124
0.054389
0.008161
0.030282
-0.063202
0.002714
0.014522
0.066161
-0.044329
0.008659
-0.055569
-0.104488
-0.0607
-0.028199
0.024926
-0.028921
0.035265
0.101302
-0.00982
0.026481
0.020828
-0.053496
0.010887
0.066776
0.102062
0.002723
-3.66E-4
0.038959
0.096592
-0.071048
0.005526
-0.041229
-0.101341
0.054463
-0.030394
-0.002667
0.022729
-0.020402
-0.007984
0.005029
0.0191
8.55E-4
0.015893
0.033194
0.064752
-0.093689
0.077262
0.031101
0.043767
0.030356
-0.007359
0.069214
0.01038
0.010268
-0.015883
0.012487
0.086573
-3.03E-4
0.086046
-0.065462
-0.00686
-0.043209
0.10152
-0.059712
-0.061333
0.020702
-0.051895
-0.049045
0.00716
0.012775
0.034509
-0.095879
0.046066
-0.052229
0.050113
-0.054578
0.067728
-0.047598
0.032435
0.024171
-1.49E-4
0.052536
-0.084519
0.010838
-0.03014
0.033147
0.034657
0.051022
-0.042502
-0.085375
-0.015623
0.022197
-0.008172
0.043544
-0.011266
0.065179
-0.041605
-0.039937
-0.018887
0.020509
-0.113567
0.067228
0.028641
0.018047
-0.03802
0.035726
-0.054045
0.041196
0.024692
0.030328
-0.009882
-0.052214
-0.003255
-0.068242
0.010392
-0.036375
-0.082954
-0.028753
-0.026686
-0.033425
-0.039246
0.074707
-0.056383
-0.025567
0.035424
0.080798
0.027431
0.029057
-0.016891
-0.05247
0.066377
0.041449
0.035673
0.047274
-0.044715
-0.013199
0.001384
0.09675
0.075262
-0.062758
-0.074437
0.077993
0.074939
-0.056244
0.005494
0.005611
0.004554
0.058188
-0.007845
0.06134
-0.02605
-0.034503
-0.087977
-0.045467
-0.039596
-0.001231
0.05488
-0.027303
0.023963
-0.030031
-0.030228
-0.027073
-0.019433
-0.020729
-0.050744
0.051765
-0.00162
0.038113
-0.025213
0.051237
-0.005389
0.01965
0.050766
0.030296
-0.049032
0.003851
-0.013384
-0.010118
-0.00942
-0.004116
-0.028877
-0.037042
0.036477
-0.071539
0.015312
0.006099
-0.09036
-0.057066
-0.008939
0.008779
-0.012641
0.054618
0.039494
0.048637
-0.064036
-0.047819
-0.011182
0.032106
0.009385
-0.063337
-0.114475
-0.041572
0.027544
0.081799
0.054388
0.07948
0.011709
-0.040579
0.004849
-0.023218
-0.016608
-0.013754
0.045433
0.067559
-0.039395
-0.096806
0.026127
-0.048753
-0.038985
-0.031132
0.014824
0.005528
0.073656
0.114353
-0.0182
0.009256
-0.042974
-0.030192
0.03993
-0.030173
-0.031418
-0.014346
-0.031554
-0.007105
-0.016175
0.064159
-0.016352
0.030664
0.025981
0.017133
-0.013321
-0.032839
0.013732
0.002393
0.010248
0.062055
-0.045646
-0.100943
-0.021846
-0.046665
-0.038317
0.001345
-0.061934
0.04413
0.050078
-0.031545
0.046854
-0.013294
0.030634
-0.025214
0.09767
0.05373
0.008601
-0.006584
-0.040032
0.029781
0.028449
0.031211
-0.081081
0.031416
-0.048913
-0.009769
-0.057886
-0.045645
-0.009491
-0.039662
0.01441
0.049217
0.080585
-0.019712
0.012701
-0.056263
0.040032
-0.01436
0.053716
0.025648
0.009728
-0.060056
-0.053352
-0.036926
0.058135
0.031665
-0.059368
0.039918
-0.033355
0.01925
-0.015559
-0.008465
-0.035815
0.024635
-0.026483
-0.060682
0.056866
-0.080121
0.082293
0.02225
-0.017686
-0.008973
-0.057211
-0.021318
-0.024915
0.048001
0.030712
-0.033067
7.32E-4
-0.012088
-0.057421
-0.006885
-0.015913
0.066867
0.078877
0.051823
-0.022547
0.020036
-0.041484
-0.037492
-0.04459
-0.042428
0.001545
-0.064387
-0.068511
0.045871
-0.031959
-0.04099
-0.030777
-0.047913
0.007685
0.015684
0.128537
0.037438
0.07377
-0.013205
0.056326
0.011825
-0.005107
0.007337
0.056332
0.035222
-0.022521
0.046576
-0.001654
-0.051699
7.01E-4
-0.023532
-0.025992
-0.027112
-0.049517
0.016754
-0.059295
-0.024177
0.018443
0.114847
0.171359
0.001125
0.006134
0.011861
0.010535
-0.063746
-0.062277
-0.020292
-0.029413
0.006241
-0.023925
0.003742
0.059578
-0.018515
-0.045047
-0.008575
-0.079167
-0.021837
-0.025743
0.01068
0.074041
0.05729
-0.013862
-0.013237
0.057475
0.022122
-0.050643
0.047179
0.019987
0.021955
0.048309
0.040988
-0.11691
-0.01928
-0.050278
0.010943
-0.029098
0.012191
0.055819
-0.056128
0.109899
-0.064442
-0.028088
0.03623
-0.087827
-0.034464
0.097672
-0.079408
-0.062661
0.022078
-0.008468
0.038153
0.030573
-0.015557
0.018269
0.088042
0.045028
0.099572
0.044632
0.051726
-0.033662
-0.012102
-0.019385
-0.093562
-0.017395
-0.04785
0.021643
0.0622
-0.009379
0.025145
0.016134
0.011179
-0.031912
0.006728
0.026949
-0.036165
-0.043019
0.010963
0.037166
0.024512
0.013156
0.046296
-0.007494
-0.018901
0.022087
-0.035775
2.73E-4
-0.001786
0.025255
-0.02278
0.004253
0.013576
-0.065181
-0.070172
0.034391
0.01604
-0.054706
0.033633
-0.005258
-0.036844
-0.088865
-0.081147
-0.032395
-0.028626
-0.11836
0.03768
-2.74E-4
-0.078761
-0.010072
-4.7E-4
-0.049073
-0.0233
0.028481
0.005888
-0.015362
0.048052
-0.005061
-0.009999
-0.074262
-0.004657
0.012814
-0.010304
0.004182
0.011585
0.014196
-0.0099
0.010375
0.073788
-0.066869
0.090475
-0.013093
-0.041737
0.038837
0.008718
-0.053542
0.017088
0.090355
-0.069873
-0.084952
-0.026098
-0.002032
-0.051728
-0.001938
0.007216
-0.002445
0.036938
0.003113
-0.005808
-0.09277
0.041442
0.107942
0.076551
0.010019
0.050174
0.026681
-0.037217
-0.05258
0.025635
-0.028622
0.030854
0.013717
-0.006193
-0.044071
-0.113517
0.005951
-0.038741
-0.083611
0.007914
0.026199
-0.038986
0.075709
-0.006734
0.01483
-0.051882
-0.091529
-0.003454
0.016058
0.050979
-0.056692
0.008506
0.015963
0.04548
0.071932
-0.072945
-0.030021
0.023669
-0.073155
0.081607
0.121918
-0.031622
0.074964
0.022692
-0.046879
0.004369
-0.04676
-0.059473
0.041113
0.040697
0.018342
0.025914
-0.015073
-0.029761
0.00995
0.049962
-0.032252
-0.041809
0.009379
-0.02358
-0.035822
2.71E-4
-0.043073
-0.033164
0.031668
0.032809
0.002466
-0.054837
0.040214
0.026594
0.017204
0.059014
0.048658
0.011844
0.016924
5.22E-4
-0.010978
0.030421
0.030586
-0.028666
-0.031489
-0.085886
-0.071427
0.036775
-0.026963
0.105269
-0.017903
-0.01376
-0.076044
-0.052986
0.059542
-0.044868
-0.052113
0.117242
0.056242
0.014998
-0.080925
0.02725
0.059748
-0.009921
-0.00991
0.003051
-0.011069
-0.003407
-0.035337
0.013224
-0.082353
-0.068856
-0.027294
0.050501
0.035419
-0.00198
-0.046588
-0.048145
-0.01358
0.032341
0.011373
0.0042
0.043615
-0.063964
-0.020675
0.01967
0.034627
0.038058
0.046902
-0.013869
0.017449
0.009933
-0.008469
-0.015397
0.036318
-0.094045
0.039904
0.055924
-0.003563
0.087284
0.030566
0.045277
-0.031041
-0.051237
0.097861
-0.092815
0.001376
0.041883
-7.93E-4
-0.037871
0.021822
0.045808
0.054111
0.069638
0.016116
-0.016728
0.00319
0.05708
-0.001821
0.065921
0.0037
0.011335
0.07588
-0.029822
0.093023
-0.032979
-0.028242
0.036335
-0.028371
0.011744
-0.034175
0.012568
-0.019351
-0.012229
0.040038
-0.060979
0.048789
-0.078082
0.088493
0.066833
-0.013268
-0.01595
0.010084
-0.002625
0.028092
0.026186
-0.041113
0.033508
-0.039308
0.031972
-0.056877
0.054979
-0.027732
0.012272
-0.025915
-0.001855
0.022404
-0.046959
-0.051858
-0.049048
0.059505
0.081687
-0.080942
-0.024877
0.015962
0.024353
0.01761
0.046375
-0.005231
0.060327
-0.042633
-0.01516
-0.061386
0.007389
0.065121
0.062533
0.018444
0.034262
-0.049877
0.039844
-0.015201
-0.096586
0.001204
-0.055872
8.4E-4
-0.055104
